0.01	-26.7618	-26.7618	-26.7618	-26.7618	-26.7618	-26.7618	-26.7618
0.02	-32.5014	-32.5014	-32.5014	-32.5014	-32.5014	-32.5014	-32.5014
0.03	-37.3741	-37.3741	-37.3741	-37.3741	-37.3741	-37.3741	-37.3741
0.04	-41.514	-41.514	-41.514	-41.514	-41.514	-41.514	-41.514
0.05	-45.0363	-45.0363	-45.0363	-45.0363	-45.0363	-45.0363	-45.0363
0.06	-48.0396	-48.0396	-48.0396	-48.0396	-48.0396	-48.0396	-48.0396
0.07	-50.6082	-50.6082	-50.6082	-50.6082	-50.6082	-50.6082	-50.6082
0.08	-52.8132	-52.8132	-52.8132	-52.8132	-52.8132	-52.8132	-52.8132
0.09	-54.715	-54.715	-54.715	-54.715	-54.715	-54.715	-54.715
0.1	-56.3639	-56.3639	-56.3639	-56.3639	-56.3639	-56.3639	-56.3639
0.11	-57.8022	-57.8022	-57.8022	-57.8022	-57.8022	-57.8022	-57.8022
0.12	-59.0648	-59.0648	-59.0648	-59.0648	-59.0648	-59.0648	-59.0648
0.13	-60.1804	-60.1804	-60.1804	-60.1804	-60.1804	-60.1804	-60.1804
0.14	-61.1727	-61.1727	-61.1727	-61.1727	-61.1727	-61.1727	-61.1727
0.15	-62.061	-62.061	-62.061	-62.061	-62.061	-62.061	-62.061
0.16	-62.8609	-62.8609	-62.8609	-62.8609	-62.8609	-62.8609	-62.8609
0.17	-63.5851	-63.5851	-63.5851	-63.5851	-63.5851	-63.5851	-63.5851
0.18	-64.2439	-64.2439	-64.2439	-64.2439	-64.2439	-64.2439	-64.2439
0.19	-64.8453	-64.8453	-64.8453	-64.8453	-64.8453	-64.8453	-64.8453
0.2	-65.3961	-65.3961	-65.3961	-65.3961	-65.3961	-65.3961	-65.3961
0.21	-65.9017	-65.9017	-65.9017	-65.9017	-65.9017	-65.9017	-65.9017
0.22	-66.3665	-66.3665	-66.3665	-66.3665	-66.3665	-66.3665	-66.3665
0.23	-66.7941	-66.7941	-66.7941	-66.7941	-66.7941	-66.7941	-66.7941
0.24	-67.1875	-67.1875	-67.1875	-67.1875	-67.1875	-67.1875	-67.1875
0.25	-67.5495	-67.5495	-67.5495	-67.5495	-67.5495	-67.5495	-67.5495
0.26	-67.8822	-67.8822	-67.8822	-67.8822	-67.8822	-67.8822	-67.8822
0.27	-68.1877	-68.1877	-68.1877	-68.1877	-68.1877	-68.1877	-68.1877
0.28	-68.4677	-68.4677	-68.4677	-68.4677	-68.4677	-68.4677	-68.4677
0.29	-68.7241	-68.7241	-68.7241	-68.7241	-68.7241	-68.7241	-68.7241
0.3	-68.9584	-68.9584	-68.9584	-68.9584	-68.9584	-68.9584	-68.9584
0.31	-69.1721	-69.1721	-69.1721	-69.1721	-69.1721	-69.1721	-69.1721
0.32	-69.3666	-69.3666	-69.3666	-69.3666	-69.3666	-69.3666	-69.3666
0.33	-69.5433	-69.5433	-69.5433	-69.5433	-69.5433	-69.5433	-69.5433
0.34	-69.7034	-69.7034	-69.7034	-69.7034	-69.7034	-69.7034	-69.7034
0.35	-69.8483	-69.8483	-69.8483	-69.8483	-69.8483	-69.8483	-69.8483
0.36	-69.9791	-69.9791	-69.9791	-69.9791	-69.9791	-69.9791	-69.9791
0.37	-70.0969	-70.0969	-70.0969	-70.0969	-70.0969	-70.0969	-70.0969
0.38	-70.2029	-70.2029	-70.2029	-70.2029	-70.2029	-70.2029	-70.2029
0.39	-70.298	-70.298	-70.298	-70.298	-70.298	-70.298	-70.298
0.4	-70.3831	-70.3831	-70.3831	-70.3831	-70.3831	-70.3831	-70.3831
0.41	-70.4592	-70.4592	-70.4592	-70.4592	-70.4592	-70.4592	-70.4592
0.42	-70.5271	-70.5271	-70.5271	-70.5271	-70.5271	-70.5271	-70.5271
0.43	-70.5875	-70.5875	-70.5875	-70.5875	-70.5875	-70.5875	-70.5875
0.44	-70.6412	-70.6412	-70.6412	-70.6412	-70.6412	-70.6412	-70.6412
0.45	-70.6887	-70.6887	-70.6887	-70.6887	-70.6887	-70.6887	-70.6887
0.46	-70.7307	-70.7307	-70.7307	-70.7307	-70.7307	-70.7307	-70.7307
0.47	-70.7678	-70.7678	-70.7678	-70.7678	-70.7678	-70.7678	-70.7678
0.48	-70.8004	-70.8004	-70.8004	-70.8004	-70.8004	-70.8004	-70.8004
0.49	-70.829	-70.829	-70.829	-70.829	-70.829	-70.829	-70.829
0.5	-70.8539	-70.8539	-70.8539	-70.8539	-70.8539	-70.8539	-70.8539
0.51	-70.8757	-70.8757	-70.8757	-70.8757	-70.8757	-70.8757	-70.8757
0.52	-70.8945	-70.8945	-70.8945	-70.8945	-70.8945	-70.8945	-70.8945
0.53	-70.9107	-70.9107	-70.9107	-70.9107	-70.9107	-70.9107	-70.9107
0.54	-70.9247	-70.9247	-70.9247	-70.9247	-70.9247	-70.9247	-70.9247
0.55	-70.9365	-70.9365	-70.9365	-70.9365	-70.9365	-70.9365	-70.9365
0.56	-70.9464	-70.9464	-70.9464	-70.9464	-70.9464	-70.9464	-70.9464
0.57	-70.9547	-70.9547	-70.9547	-70.9547	-70.9547	-70.9547	-70.9547
0.58	-70.9615	-70.9615	-70.9615	-70.9615	-70.9615	-70.9615	-70.9615
0.59	-70.967	-70.967	-70.967	-70.967	-70.967	-70.967	-70.967
0.6	-70.9713	-70.9713	-70.9713	-70.9713	-70.9713	-70.9713	-70.9713
0.61	-70.9745	-70.9745	-70.9745	-70.9745	-70.9745	-70.9745	-70.9745
0.62	-70.9768	-70.9768	-70.9768	-70.9768	-70.9768	-70.9768	-70.9768
0.63	-70.9782	-70.9782	-70.9782	-70.9782	-70.9782	-70.9782	-70.9782
0.64	-70.9789	-70.9789	-70.9789	-70.9789	-70.9789	-70.9789	-70.9789
0.65	-70.9788	-70.9788	-70.9788	-70.9788	-70.9788	-70.9788	-70.9788
0.66	-70.9782	-70.9782	-70.9782	-70.9782	-70.9782	-70.9782	-70.9782
0.67	-70.977	-70.977	-70.977	-70.977	-70.977	-70.977	-70.977
0.68	-70.9754	-70.9754	-70.9754	-70.9754	-70.9754	-70.9754	-70.9754
0.69	-70.9733	-70.9733	-70.9733	-70.9733	-70.9733	-70.9733	-70.9733
0.7	-70.9707	-70.9707	-70.9707	-70.9707	-70.9707	-70.9707	-70.9707
0.71	-70.9679	-70.9679	-70.9679	-70.9679	-70.9679	-70.9679	-70.9679
0.72	-70.9647	-70.9647	-70.9647	-70.9647	-70.9647	-70.9647	-70.9647
0.73	-70.9612	-70.9612	-70.9612	-70.9612	-70.9612	-70.9612	-70.9612
0.74	-70.9575	-70.9575	-70.9575	-70.9575	-70.9575	-70.9575	-70.9575
0.75	-70.9535	-70.9535	-70.9535	-70.9535	-70.9535	-70.9535	-70.9535
0.76	-70.9494	-70.9494	-70.9494	-70.9494	-70.9494	-70.9494	-70.9494
0.77	-70.945	-70.945	-70.945	-70.945	-70.945	-70.945	-70.945
0.78	-70.9404	-70.9404	-70.9404	-70.9404	-70.9404	-70.9404	-70.9404
0.79	-70.9357	-70.9357	-70.9357	-70.9357	-70.9357	-70.9357	-70.9357
0.8	-70.9309	-70.9309	-70.9309	-70.9309	-70.9309	-70.9309	-70.9309
0.81	-70.9259	-70.9259	-70.9259	-70.9259	-70.9259	-70.9259	-70.9259
0.82	-70.9208	-70.9208	-70.9208	-70.9208	-70.9208	-70.9208	-70.9208
0.83	-70.9156	-70.9156	-70.9156	-70.9156	-70.9156	-70.9156	-70.9156
0.84	-70.9102	-70.9102	-70.9102	-70.9102	-70.9102	-70.9102	-70.9102
0.85	-70.9048	-70.9048	-70.9048	-70.9048	-70.9048	-70.9048	-70.9048
0.86	-70.8993	-70.8993	-70.8993	-70.8993	-70.8993	-70.8993	-70.8993
0.87	-70.8937	-70.8937	-70.8937	-70.8937	-70.8937	-70.8937	-70.8937
0.88	-70.8881	-70.8881	-70.8881	-70.8881	-70.8881	-70.8881	-70.8881
0.89	-70.8823	-70.8823	-70.8823	-70.8823	-70.8823	-70.8823	-70.8823
0.9	-70.8765	-70.8765	-70.8765	-70.8765	-70.8765	-70.8765	-70.8765
0.91	-70.8707	-70.8707	-70.8707	-70.8707	-70.8707	-70.8707	-70.8707
0.92	-70.8648	-70.8648	-70.8648	-70.8648	-70.8648	-70.8648	-70.8648
0.93	-70.8588	-70.8588	-70.8588	-70.8588	-70.8588	-70.8588	-70.8588
0.94	-70.8528	-70.8528	-70.8528	-70.8528	-70.8528	-70.8528	-70.8528
0.95	-70.8467	-70.8467	-70.8467	-70.8467	-70.8467	-70.8467	-70.8467
0.96	-70.8406	-70.8406	-70.8406	-70.8406	-70.8406	-70.8406	-70.8406
0.97	-70.8344	-70.8344	-70.8344	-70.8344	-70.8344	-70.8344	-70.8344
0.98	-70.8282	-70.8282	-70.8282	-70.8282	-70.8282	-70.8282	-70.8282
0.99	-70.8219	-70.8219	-70.8219	-70.8219	-70.8219	-70.8219	-70.8219
1	-70.8156	-70.8156	-70.8156	-70.8156	-70.8156	-70.8156	-70.8156
1.01	-70.8093	-70.8093	-70.8093	-70.8093	-70.8093	-70.8093	-70.8093
1.02	-70.8029	-70.8029	-70.8029	-70.8029	-70.8029	-70.8029	-70.8029
1.03	-70.7965	-70.7965	-70.7965	-70.7965	-70.7965	-70.7965	-70.7965
1.04	-70.7901	-70.7901	-70.7901	-70.7901	-70.7901	-70.7901	-70.7901
1.05	-70.7836	-70.7836	-70.7836	-70.7836	-70.7836	-70.7836	-70.7836
1.06	-70.7771	-70.7771	-70.7771	-70.7771	-70.7771	-70.7771	-70.7771
1.07	-70.7705	-70.7705	-70.7705	-70.7705	-70.7705	-70.7705	-70.7705
1.08	-70.7639	-70.7639	-70.7639	-70.7639	-70.7639	-70.7639	-70.7639
1.09	-70.7573	-70.7573	-70.7573	-70.7573	-70.7573	-70.7573	-70.7573
1.1	-70.7507	-70.7507	-70.7507	-70.7507	-70.7507	-70.7507	-70.7507
1.11	-70.744	-70.744	-70.744	-70.744	-70.744	-70.744	-70.744
1.12	-70.7373	-70.7373	-70.7373	-70.7373	-70.7373	-70.7373	-70.7373
1.13	-70.7306	-70.7306	-70.7306	-70.7306	-70.7306	-70.7306	-70.7306
1.14	-70.7238	-70.7238	-70.7238	-70.7238	-70.7238	-70.7238	-70.7238
1.15	-70.717	-70.717	-70.717	-70.717	-70.717	-70.717	-70.717
1.16	-70.7102	-70.7102	-70.7102	-70.7102	-70.7102	-70.7102	-70.7102
1.17	-70.7033	-70.7033	-70.7033	-70.7033	-70.7033	-70.7033	-70.7033
1.18	-70.6964	-70.6964	-70.6964	-70.6964	-70.6964	-70.6964	-70.6964
1.19	-70.6895	-70.6895	-70.6895	-70.6895	-70.6895	-70.6895	-70.6895
1.2	-70.6825	-70.6825	-70.6825	-70.6825	-70.6825	-70.6825	-70.6825
1.21	-70.6756	-70.6756	-70.6756	-70.6756	-70.6756	-70.6756	-70.6756
1.22	-70.6685	-70.6685	-70.6685	-70.6685	-70.6685	-70.6685	-70.6685
1.23	-70.6615	-70.6615	-70.6615	-70.6615	-70.6615	-70.6615	-70.6615
1.24	-70.6544	-70.6544	-70.6544	-70.6544	-70.6544	-70.6544	-70.6544
1.25	-70.6474	-70.6474	-70.6474	-70.6474	-70.6474	-70.6474	-70.6474
1.26	-70.6402	-70.6402	-70.6402	-70.6402	-70.6402	-70.6402	-70.6402
1.27	-70.6331	-70.6331	-70.6331	-70.6331	-70.6331	-70.6331	-70.6331
1.28	-70.6259	-70.6259	-70.6259	-70.6259	-70.6259	-70.6259	-70.6259
1.29	-70.6187	-70.6187	-70.6187	-70.6187	-70.6187	-70.6187	-70.6187
1.3	-70.6114	-70.6114	-70.6114	-70.6114	-70.6114	-70.6114	-70.6114
1.31	-70.6042	-70.6042	-70.6042	-70.6042	-70.6042	-70.6042	-70.6042
1.32	-70.5969	-70.5969	-70.5969	-70.5969	-70.5969	-70.5969	-70.5969
1.33	-70.5896	-70.5896	-70.5896	-70.5896	-70.5896	-70.5896	-70.5896
1.34	-70.5822	-70.5822	-70.5822	-70.5822	-70.5822	-70.5822	-70.5822
1.35	-70.5748	-70.5748	-70.5748	-70.5748	-70.5748	-70.5748	-70.5748
1.36	-70.5674	-70.5674	-70.5674	-70.5674	-70.5674	-70.5674	-70.5674
1.37	-70.56	-70.56	-70.56	-70.56	-70.56	-70.56	-70.56
1.38	-70.5525	-70.5525	-70.5525	-70.5525	-70.5525	-70.5525	-70.5525
1.39	-70.545	-70.545	-70.545	-70.545	-70.545	-70.545	-70.545
1.4	-70.5375	-70.5375	-70.5375	-70.5375	-70.5375	-70.5375	-70.5375
1.41	-70.5299	-70.5299	-70.5299	-70.5299	-70.5299	-70.5299	-70.5299
1.42	-70.5223	-70.5223	-70.5223	-70.5223	-70.5223	-70.5223	-70.5223
1.43	-70.5147	-70.5147	-70.5147	-70.5147	-70.5147	-70.5147	-70.5147
1.44	-70.5071	-70.5071	-70.5071	-70.5071	-70.5071	-70.5071	-70.5071
1.45	-70.4994	-70.4994	-70.4994	-70.4994	-70.4994	-70.4994	-70.4994
1.46	-70.4917	-70.4917	-70.4917	-70.4917	-70.4917	-70.4917	-70.4917
1.47	-70.484	-70.484	-70.484	-70.484	-70.484	-70.484	-70.484
1.48	-70.4762	-70.4762	-70.4762	-70.4762	-70.4762	-70.4762	-70.4762
1.49	-70.4684	-70.4684	-70.4684	-70.4684	-70.4684	-70.4684	-70.4684
1.5	-70.4606	-70.4606	-70.4606	-70.4606	-70.4606	-70.4606	-70.4606
1.51	-70.4528	-70.4528	-70.4528	-70.4528	-70.4528	-70.4528	-70.4528
1.52	-70.4449	-70.4449	-70.4449	-70.4449	-70.4449	-70.4449	-70.4449
1.53	-70.437	-70.437	-70.437	-70.437	-70.437	-70.437	-70.437
1.54	-70.4291	-70.4291	-70.4291	-70.4291	-70.4291	-70.4291	-70.4291
1.55	-70.4211	-70.4211	-70.4211	-70.4211	-70.4211	-70.4211	-70.4211
1.56	-70.4131	-70.4131	-70.4131	-70.4131	-70.4131	-70.4131	-70.4131
1.57	-70.4051	-70.4051	-70.4051	-70.4051	-70.4051	-70.4051	-70.4051
1.58	-70.3971	-70.3971	-70.3971	-70.3971	-70.3971	-70.3971	-70.3971
1.59	-70.389	-70.389	-70.389	-70.389	-70.389	-70.389	-70.389
1.6	-70.3809	-70.3809	-70.3809	-70.3809	-70.3809	-70.3809	-70.3809
1.61	-70.3727	-70.3727	-70.3727	-70.3727	-70.3727	-70.3727	-70.3727
1.62	-70.3646	-70.3646	-70.3646	-70.3646	-70.3646	-70.3646	-70.3646
1.63	-70.3564	-70.3564	-70.3564	-70.3564	-70.3564	-70.3564	-70.3564
1.64	-70.3481	-70.3481	-70.3481	-70.3481	-70.3481	-70.3481	-70.3481
1.65	-70.3399	-70.3399	-70.3399	-70.3399	-70.3399	-70.3399	-70.3399
1.66	-70.3316	-70.3316	-70.3316	-70.3316	-70.3316	-70.3316	-70.3316
1.67	-70.3233	-70.3233	-70.3233	-70.3233	-70.3233	-70.3233	-70.3233
1.68	-70.3149	-70.3149	-70.3149	-70.3149	-70.3149	-70.3149	-70.3149
1.69	-70.3066	-70.3066	-70.3066	-70.3066	-70.3066	-70.3066	-70.3066
1.7	-70.2981	-70.2981	-70.2981	-70.2981	-70.2981	-70.2981	-70.2981
1.71	-70.2897	-70.2897	-70.2897	-70.2897	-70.2897	-70.2897	-70.2897
1.72	-70.2812	-70.2812	-70.2812	-70.2812	-70.2812	-70.2812	-70.2812
1.73	-70.2728	-70.2728	-70.2728	-70.2728	-70.2728	-70.2728	-70.2728
1.74	-70.2642	-70.2642	-70.2642	-70.2642	-70.2642	-70.2642	-70.2642
1.75	-70.2557	-70.2557	-70.2557	-70.2557	-70.2557	-70.2557	-70.2557
1.76	-70.2471	-70.2471	-70.2471	-70.2471	-70.2471	-70.2471	-70.2471
1.77	-70.2385	-70.2385	-70.2385	-70.2385	-70.2385	-70.2385	-70.2385
1.78	-70.2298	-70.2298	-70.2298	-70.2298	-70.2298	-70.2298	-70.2298
1.79	-70.2211	-70.2211	-70.2211	-70.2211	-70.2211	-70.2211	-70.2211
1.8	-70.2124	-70.2124	-70.2124	-70.2124	-70.2124	-70.2124	-70.2124
1.81	-70.2037	-70.2037	-70.2037	-70.2037	-70.2037	-70.2037	-70.2037
1.82	-70.1949	-70.1949	-70.1949	-70.1949	-70.1949	-70.1949	-70.1949
1.83	-70.1861	-70.1861	-70.1861	-70.1861	-70.1861	-70.1861	-70.1861
1.84	-70.1773	-70.1773	-70.1773	-70.1773	-70.1773	-70.1773	-70.1773
1.85	-70.1684	-70.1684	-70.1684	-70.1684	-70.1684	-70.1684	-70.1684
1.86	-70.1595	-70.1595	-70.1595	-70.1595	-70.1595	-70.1595	-70.1595
1.87	-70.1506	-70.1506	-70.1506	-70.1506	-70.1506	-70.1506	-70.1506
1.88	-70.1417	-70.1417	-70.1417	-70.1417	-70.1417	-70.1417	-70.1417
1.89	-70.1327	-70.1327	-70.1327	-70.1327	-70.1327	-70.1327	-70.1327
1.9	-70.1237	-70.1237	-70.1237	-70.1237	-70.1237	-70.1237	-70.1237
1.91	-70.1146	-70.1146	-70.1146	-70.1146	-70.1146	-70.1146	-70.1146
1.92	-70.1056	-70.1056	-70.1056	-70.1056	-70.1056	-70.1056	-70.1056
1.93	-70.0964	-70.0964	-70.0964	-70.0964	-70.0964	-70.0964	-70.0964
1.94	-70.0873	-70.0873	-70.0873	-70.0873	-70.0873	-70.0873	-70.0873
1.95	-70.0781	-70.0781	-70.0781	-70.0781	-70.0781	-70.0781	-70.0781
1.96	-70.0689	-70.0689	-70.0689	-70.0689	-70.0689	-70.0689	-70.0689
1.97	-70.0597	-70.0597	-70.0597	-70.0597	-70.0597	-70.0597	-70.0597
1.98	-70.0504	-70.0504	-70.0504	-70.0504	-70.0504	-70.0504	-70.0504
1.99	-70.0412	-70.0412	-70.0412	-70.0412	-70.0412	-70.0412	-70.0412
2	-70.0318	-70.0318	-70.0318	-70.0318	-70.0318	-70.0318	-70.0318
2.01	-70.0225	-70.0225	-70.0225	-70.0225	-70.0225	-70.0225	-70.0225
2.02	-70.0131	-70.0131	-70.0131	-70.0131	-70.0131	-70.0131	-70.0131
2.03	-70.0037	-70.0037	-70.0037	-70.0037	-70.0037	-70.0037	-70.0037
2.04	-69.9942	-69.9942	-69.9942	-69.9942	-69.9942	-69.9942	-69.9942
2.05	-69.9847	-69.9847	-69.9847	-69.9847	-69.9847	-69.9847	-69.9847
2.06	-69.9752	-69.9752	-69.9752	-69.9752	-69.9752	-69.9752	-69.9752
2.07	-69.9657	-69.9657	-69.9657	-69.9657	-69.9657	-69.9657	-69.9657
2.08	-69.9561	-69.9561	-69.9561	-69.9561	-69.9561	-69.9561	-69.9561
2.09	-69.9465	-69.9465	-69.9465	-69.9465	-69.9465	-69.9465	-69.9465
2.1	-69.9369	-69.9369	-69.9369	-69.9369	-69.9369	-69.9369	-69.9369
2.11	-69.9272	-69.9272	-69.9272	-69.9272	-69.9272	-69.9272	-69.9272
2.12	-69.9175	-69.9175	-69.9175	-69.9175	-69.9175	-69.9175	-69.9175
2.13	-69.9078	-69.9078	-69.9078	-69.9078	-69.9078	-69.9078	-69.9078
2.14	-69.898	-69.898	-69.898	-69.898	-69.898	-69.898	-69.898
2.15	-69.8882	-69.8882	-69.8882	-69.8882	-69.8882	-69.8882	-69.8882
2.16	-69.8784	-69.8784	-69.8784	-69.8784	-69.8784	-69.8784	-69.8784
2.17	-69.8685	-69.8685	-69.8685	-69.8685	-69.8685	-69.8685	-69.8685
2.18	-69.8587	-69.8587	-69.8587	-69.8587	-69.8587	-69.8587	-69.8587
2.19	-69.8487	-69.8487	-69.8487	-69.8487	-69.8487	-69.8487	-69.8487
2.2	-69.8388	-69.8388	-69.8388	-69.8388	-69.8388	-69.8388	-69.8388
2.21	-69.8288	-69.8288	-69.8288	-69.8288	-69.8288	-69.8288	-69.8288
2.22	-69.8188	-69.8188	-69.8188	-69.8188	-69.8188	-69.8188	-69.8188
2.23	-69.8087	-69.8087	-69.8087	-69.8087	-69.8087	-69.8087	-69.8087
2.24	-69.7987	-69.7987	-69.7987	-69.7987	-69.7987	-69.7987	-69.7987
2.25	-69.7885	-69.7885	-69.7885	-69.7885	-69.7885	-69.7885	-69.7885
2.26	-69.7784	-69.7784	-69.7784	-69.7784	-69.7784	-69.7784	-69.7784
2.27	-69.7682	-69.7682	-69.7682	-69.7682	-69.7682	-69.7682	-69.7682
2.28	-69.758	-69.758	-69.758	-69.758	-69.758	-69.758	-69.758
2.29	-69.7478	-69.7478	-69.7478	-69.7478	-69.7478	-69.7478	-69.7478
2.3	-69.7375	-69.7375	-69.7375	-69.7375	-69.7375	-69.7375	-69.7375
2.31	-69.7272	-69.7272	-69.7272	-69.7272	-69.7272	-69.7272	-69.7272
2.32	-69.7169	-69.7169	-69.7169	-69.7169	-69.7169	-69.7169	-69.7169
2.33	-69.7065	-69.7065	-69.7065	-69.7065	-69.7065	-69.7065	-69.7065
2.34	-69.6961	-69.6961	-69.6961	-69.6961	-69.6961	-69.6961	-69.6961
2.35	-69.6857	-69.6857	-69.6857	-69.6857	-69.6857	-69.6857	-69.6857
2.36	-69.6752	-69.6752	-69.6752	-69.6752	-69.6752	-69.6752	-69.6752
2.37	-69.6647	-69.6647	-69.6647	-69.6647	-69.6647	-69.6647	-69.6647
2.38	-69.6542	-69.6542	-69.6542	-69.6542	-69.6542	-69.6542	-69.6542
2.39	-69.6436	-69.6436	-69.6436	-69.6436	-69.6436	-69.6436	-69.6436
2.4	-69.6331	-69.6331	-69.6331	-69.6331	-69.6331	-69.6331	-69.6331
2.41	-69.6224	-69.6224	-69.6224	-69.6224	-69.6224	-69.6224	-69.6224
2.42	-69.6118	-69.6118	-69.6118	-69.6118	-69.6118	-69.6118	-69.6118
2.43	-69.6011	-69.6011	-69.6011	-69.6011	-69.6011	-69.6011	-69.6011
2.44	-69.5904	-69.5904	-69.5904	-69.5904	-69.5904	-69.5904	-69.5904
2.45	-69.5796	-69.5796	-69.5796	-69.5796	-69.5796	-69.5796	-69.5796
2.46	-69.5688	-69.5688	-69.5688	-69.5688	-69.5688	-69.5688	-69.5688
2.47	-69.558	-69.558	-69.558	-69.558	-69.558	-69.558	-69.558
2.48	-69.5472	-69.5472	-69.5472	-69.5472	-69.5472	-69.5472	-69.5472
2.49	-69.5363	-69.5363	-69.5363	-69.5363	-69.5363	-69.5363	-69.5363
2.5	-69.5254	-69.5254	-69.5254	-69.5254	-69.5254	-69.5254	-69.5254
2.51	-69.5144	-69.5144	-69.5144	-69.5144	-69.5144	-69.5144	-69.5144
2.52	-69.5035	-69.5035	-69.5035	-69.5035	-69.5035	-69.5035	-69.5035
2.53	-69.4925	-69.4925	-69.4925	-69.4925	-69.4925	-69.4925	-69.4925
2.54	-69.4814	-69.4814	-69.4814	-69.4814	-69.4814	-69.4814	-69.4814
2.55	-69.4704	-69.4704	-69.4704	-69.4704	-69.4704	-69.4704	-69.4704
2.56	-69.4592	-69.4592	-69.4592	-69.4592	-69.4592	-69.4592	-69.4592
2.57	-69.4481	-69.4481	-69.4481	-69.4481	-69.4481	-69.4481	-69.4481
2.58	-69.4369	-69.4369	-69.4369	-69.4369	-69.4369	-69.4369	-69.4369
2.59	-69.4257	-69.4257	-69.4257	-69.4257	-69.4257	-69.4257	-69.4257
2.6	-69.4145	-69.4145	-69.4145	-69.4145	-69.4145	-69.4145	-69.4145
2.61	-69.4032	-69.4032	-69.4032	-69.4032	-69.4032	-69.4032	-69.4032
2.62	-69.3919	-69.3919	-69.3919	-69.3919	-69.3919	-69.3919	-69.3919
2.63	-69.3806	-69.3806	-69.3806	-69.3806	-69.3806	-69.3806	-69.3806
2.64	-69.3693	-69.3693	-69.3693	-69.3693	-69.3693	-69.3693	-69.3693
2.65	-69.3579	-69.3579	-69.3579	-69.3579	-69.3579	-69.3579	-69.3579
2.66	-69.3464	-69.3464	-69.3464	-69.3464	-69.3464	-69.3464	-69.3464
2.67	-69.335	-69.335	-69.335	-69.335	-69.335	-69.335	-69.335
2.68	-69.3235	-69.3235	-69.3235	-69.3235	-69.3235	-69.3235	-69.3235
2.69	-69.312	-69.312	-69.312	-69.312	-69.312	-69.312	-69.312
2.7	-69.3004	-69.3004	-69.3004	-69.3004	-69.3004	-69.3004	-69.3004
2.71	-69.2888	-69.2888	-69.2888	-69.2888	-69.2888	-69.2888	-69.2888
2.72	-69.2772	-69.2772	-69.2772	-69.2772	-69.2772	-69.2772	-69.2772
2.73	-69.2655	-69.2655	-69.2655	-69.2655	-69.2655	-69.2655	-69.2655
2.74	-69.2539	-69.2539	-69.2539	-69.2539	-69.2539	-69.2539	-69.2539
2.75	-69.2421	-69.2421	-69.2421	-69.2421	-69.2421	-69.2421	-69.2421
2.76	-69.2304	-69.2304	-69.2304	-69.2304	-69.2304	-69.2304	-69.2304
2.77	-69.2186	-69.2186	-69.2186	-69.2186	-69.2186	-69.2186	-69.2186
2.78	-69.2068	-69.2068	-69.2068	-69.2068	-69.2068	-69.2068	-69.2068
2.79	-69.1949	-69.1949	-69.1949	-69.1949	-69.1949	-69.1949	-69.1949
2.8	-69.1831	-69.1831	-69.1831	-69.1831	-69.1831	-69.1831	-69.1831
2.81	-69.1712	-69.1712	-69.1712	-69.1712	-69.1712	-69.1712	-69.1712
2.82	-69.1592	-69.1592	-69.1592	-69.1592	-69.1592	-69.1592	-69.1592
2.83	-69.1472	-69.1472	-69.1472	-69.1472	-69.1472	-69.1472	-69.1472
2.84	-69.1352	-69.1352	-69.1352	-69.1352	-69.1352	-69.1352	-69.1352
2.85	-69.1232	-69.1232	-69.1232	-69.1232	-69.1232	-69.1232	-69.1232
2.86	-69.1111	-69.1111	-69.1111	-69.1111	-69.1111	-69.1111	-69.1111
2.87	-69.099	-69.099	-69.099	-69.099	-69.099	-69.099	-69.099
2.88	-69.0869	-69.0869	-69.0869	-69.0869	-69.0869	-69.0869	-69.0869
2.89	-69.0747	-69.0747	-69.0747	-69.0747	-69.0747	-69.0747	-69.0747
2.9	-69.0625	-69.0625	-69.0625	-69.0625	-69.0625	-69.0625	-69.0625
2.91	-69.0503	-69.0503	-69.0503	-69.0503	-69.0503	-69.0503	-69.0503
2.92	-69.038	-69.038	-69.038	-69.038	-69.038	-69.038	-69.038
2.93	-69.0257	-69.0257	-69.0257	-69.0257	-69.0257	-69.0257	-69.0257
2.94	-69.0134	-69.0134	-69.0134	-69.0134	-69.0134	-69.0134	-69.0134
2.95	-69.0011	-69.0011	-69.0011	-69.0011	-69.0011	-69.0011	-69.0011
2.96	-68.9887	-68.9887	-68.9887	-68.9887	-68.9887	-68.9887	-68.9887
2.97	-68.9762	-68.9762	-68.9762	-68.9762	-68.9762	-68.9762	-68.9762
2.98	-68.9638	-68.9638	-68.9638	-68.9638	-68.9638	-68.9638	-68.9638
2.99	-68.9513	-68.9513	-68.9513	-68.9513	-68.9513	-68.9513	-68.9513
3	-68.9388	-68.9388	-68.9388	-68.9388	-68.9388	-68.9388	-68.9388
3.01	-68.9262	-68.9262	-68.9262	-68.9262	-68.9262	-68.9262	-68.9262
3.02	-68.9137	-68.9137	-68.9137	-68.9137	-68.9137	-68.9137	-68.9137
3.03	-68.901	-68.901	-68.901	-68.901	-68.901	-68.901	-68.901
3.04	-68.8884	-68.8884	-68.8884	-68.8884	-68.8884	-68.8884	-68.8884
3.05	-68.8757	-68.8757	-68.8757	-68.8757	-68.8757	-68.8757	-68.8757
3.06	-68.863	-68.863	-68.863	-68.863	-68.863	-68.863	-68.863
3.07	-68.8503	-68.8503	-68.8503	-68.8503	-68.8503	-68.8503	-68.8503
3.08	-68.8375	-68.8375	-68.8375	-68.8375	-68.8375	-68.8375	-68.8375
3.09	-68.8247	-68.8247	-68.8247	-68.8247	-68.8247	-68.8247	-68.8247
3.1	-68.8119	-68.8119	-68.8119	-68.8119	-68.8119	-68.8119	-68.8119
3.11	-68.799	-68.799	-68.799	-68.799	-68.799	-68.799	-68.799
3.12	-68.7861	-68.7861	-68.7861	-68.7861	-68.7861	-68.7861	-68.7861
3.13	-68.7732	-68.7732	-68.7732	-68.7732	-68.7732	-68.7732	-68.7732
3.14	-68.7602	-68.7602	-68.7602	-68.7602	-68.7602	-68.7602	-68.7602
3.15	-68.7472	-68.7472	-68.7472	-68.7472	-68.7472	-68.7472	-68.7472
3.16	-68.7342	-68.7342	-68.7342	-68.7342	-68.7342	-68.7342	-68.7342
3.17	-68.7211	-68.7211	-68.7211	-68.7211	-68.7211	-68.7211	-68.7211
3.18	-68.708	-68.708	-68.708	-68.708	-68.708	-68.708	-68.708
3.19	-68.6949	-68.6949	-68.6949	-68.6949	-68.6949	-68.6949	-68.6949
3.2	-68.6818	-68.6818	-68.6818	-68.6818	-68.6818	-68.6818	-68.6818
3.21	-68.6686	-68.6686	-68.6686	-68.6686	-68.6686	-68.6686	-68.6686
3.22	-68.6554	-68.6554	-68.6554	-68.6554	-68.6554	-68.6554	-68.6554
3.23	-68.6421	-68.6421	-68.6421	-68.6421	-68.6421	-68.6421	-68.6421
3.24	-68.6289	-68.6289	-68.6289	-68.6289	-68.6289	-68.6289	-68.6289
3.25	-68.6156	-68.6156	-68.6156	-68.6156	-68.6156	-68.6156	-68.6156
3.26	-68.6022	-68.6022	-68.6022	-68.6022	-68.6022	-68.6022	-68.6022
3.27	-68.5889	-68.5889	-68.5889	-68.5889	-68.5889	-68.5889	-68.5889
3.28	-68.5755	-68.5755	-68.5755	-68.5755	-68.5755	-68.5755	-68.5755
3.29	-68.562	-68.562	-68.562	-68.562	-68.562	-68.562	-68.562
3.3	-68.5486	-68.5486	-68.5486	-68.5486	-68.5486	-68.5486	-68.5486
3.31	-68.5351	-68.5351	-68.5351	-68.5351	-68.5351	-68.5351	-68.5351
3.32	-68.5216	-68.5216	-68.5216	-68.5216	-68.5216	-68.5216	-68.5216
3.33	-68.508	-68.508	-68.508	-68.508	-68.508	-68.508	-68.508
3.34	-68.4944	-68.4944	-68.4944	-68.4944	-68.4944	-68.4944	-68.4944
3.35	-68.4808	-68.4808	-68.4808	-68.4808	-68.4808	-68.4808	-68.4808
3.36	-68.4672	-68.4672	-68.4672	-68.4672	-68.4672	-68.4672	-68.4672
3.37	-68.4535	-68.4535	-68.4535	-68.4535	-68.4535	-68.4535	-68.4535
3.38	-68.4398	-68.4398	-68.4398	-68.4398	-68.4398	-68.4398	-68.4398
3.39	-68.4261	-68.4261	-68.4261	-68.4261	-68.4261	-68.4261	-68.4261
3.4	-68.4123	-68.4123	-68.4123	-68.4123	-68.4123	-68.4123	-68.4123
3.41	-68.3985	-68.3985	-68.3985	-68.3985	-68.3985	-68.3985	-68.3985
3.42	-68.3847	-68.3847	-68.3847	-68.3847	-68.3847	-68.3847	-68.3847
3.43	-68.3708	-68.3708	-68.3708	-68.3708	-68.3708	-68.3708	-68.3708
3.44	-68.3569	-68.3569	-68.3569	-68.3569	-68.3569	-68.3569	-68.3569
3.45	-68.343	-68.343	-68.343	-68.343	-68.343	-68.343	-68.343
3.46	-68.3291	-68.3291	-68.3291	-68.3291	-68.3291	-68.3291	-68.3291
3.47	-68.3151	-68.3151	-68.3151	-68.3151	-68.3151	-68.3151	-68.3151
3.48	-68.3011	-68.3011	-68.3011	-68.3011	-68.3011	-68.3011	-68.3011
3.49	-68.2871	-68.2871	-68.2871	-68.2871	-68.2871	-68.2871	-68.2871
3.5	-68.273	-68.273	-68.273	-68.273	-68.273	-68.273	-68.273
3.51	-68.2589	-68.2589	-68.2589	-68.2589	-68.2589	-68.2589	-68.2589
3.52	-68.2448	-68.2448	-68.2448	-68.2448	-68.2448	-68.2448	-68.2448
3.53	-68.2306	-68.2306	-68.2306	-68.2306	-68.2306	-68.2306	-68.2306
3.54	-68.2164	-68.2164	-68.2164	-68.2164	-68.2164	-68.2164	-68.2164
3.55	-68.2022	-68.2022	-68.2022	-68.2022	-68.2022	-68.2022	-68.2022
3.56	-68.188	-68.188	-68.188	-68.188	-68.188	-68.188	-68.188
3.57	-68.1737	-68.1737	-68.1737	-68.1737	-68.1737	-68.1737	-68.1737
3.58	-68.1594	-68.1594	-68.1594	-68.1594	-68.1594	-68.1594	-68.1594
3.59	-68.1451	-68.1451	-68.1451	-68.1451	-68.1451	-68.1451	-68.1451
3.6	-68.1307	-68.1307	-68.1307	-68.1307	-68.1307	-68.1307	-68.1307
3.61	-68.1163	-68.1163	-68.1163	-68.1163	-68.1163	-68.1163	-68.1163
3.62	-68.1019	-68.1019	-68.1019	-68.1019	-68.1019	-68.1019	-68.1019
3.63	-68.0874	-68.0874	-68.0874	-68.0874	-68.0874	-68.0874	-68.0874
3.64	-68.073	-68.073	-68.073	-68.073	-68.073	-68.073	-68.073
3.65	-68.0584	-68.0584	-68.0584	-68.0584	-68.0584	-68.0584	-68.0584
3.66	-68.0439	-68.0439	-68.0439	-68.0439	-68.0439	-68.0439	-68.0439
3.67	-68.0293	-68.0293	-68.0293	-68.0293	-68.0293	-68.0293	-68.0293
3.68	-68.0147	-68.0147	-68.0147	-68.0147	-68.0147	-68.0147	-68.0147
3.69	-68.0001	-68.0001	-68.0001	-68.0001	-68.0001	-68.0001	-68.0001
3.7	-67.9855	-67.9855	-67.9855	-67.9855	-67.9855	-67.9855	-67.9855
3.71	-67.9708	-67.9708	-67.9708	-67.9708	-67.9708	-67.9708	-67.9708
3.72	-67.9561	-67.9561	-67.9561	-67.9561	-67.9561	-67.9561	-67.9561
3.73	-67.9413	-67.9413	-67.9413	-67.9413	-67.9413	-67.9413	-67.9413
3.74	-67.9266	-67.9266	-67.9266	-67.9266	-67.9266	-67.9266	-67.9266
3.75	-67.9118	-67.9118	-67.9118	-67.9118	-67.9118	-67.9118	-67.9118
3.76	-67.897	-67.897	-67.897	-67.897	-67.897	-67.897	-67.897
3.77	-67.8821	-67.8821	-67.8821	-67.8821	-67.8821	-67.8821	-67.8821
3.78	-67.8672	-67.8672	-67.8672	-67.8672	-67.8672	-67.8672	-67.8672
3.79	-67.8523	-67.8523	-67.8523	-67.8523	-67.8523	-67.8523	-67.8523
3.8	-67.8374	-67.8374	-67.8374	-67.8374	-67.8374	-67.8374	-67.8374
3.81	-67.8224	-67.8224	-67.8224	-67.8224	-67.8224	-67.8224	-67.8224
3.82	-67.8074	-67.8074	-67.8074	-67.8074	-67.8074	-67.8074	-67.8074
3.83	-67.7924	-67.7924	-67.7924	-67.7924	-67.7924	-67.7924	-67.7924
3.84	-67.7774	-67.7774	-67.7774	-67.7774	-67.7774	-67.7774	-67.7774
3.85	-67.7623	-67.7623	-67.7623	-67.7623	-67.7623	-67.7623	-67.7623
3.86	-67.7472	-67.7472	-67.7472	-67.7472	-67.7472	-67.7472	-67.7472
3.87	-67.7321	-67.7321	-67.7321	-67.7321	-67.7321	-67.7321	-67.7321
3.88	-67.7169	-67.7169	-67.7169	-67.7169	-67.7169	-67.7169	-67.7169
3.89	-67.7017	-67.7017	-67.7017	-67.7017	-67.7017	-67.7017	-67.7017
3.9	-67.6865	-67.6865	-67.6865	-67.6865	-67.6865	-67.6865	-67.6865
3.91	-67.6713	-67.6713	-67.6713	-67.6713	-67.6713	-67.6713	-67.6713
3.92	-67.656	-67.656	-67.656	-67.656	-67.656	-67.656	-67.656
3.93	-67.6407	-67.6407	-67.6407	-67.6407	-67.6407	-67.6407	-67.6407
3.94	-67.6254	-67.6254	-67.6254	-67.6254	-67.6254	-67.6254	-67.6254
3.95	-67.6101	-67.6101	-67.6101	-67.6101	-67.6101	-67.6101	-67.6101
3.96	-67.5947	-67.5947	-67.5947	-67.5947	-67.5947	-67.5947	-67.5947
3.97	-67.5793	-67.5793	-67.5793	-67.5793	-67.5793	-67.5793	-67.5793
3.98	-67.5639	-67.5639	-67.5639	-67.5639	-67.5639	-67.5639	-67.5639
3.99	-67.5484	-67.5484	-67.5484	-67.5484	-67.5484	-67.5484	-67.5484
4	-67.533	-67.533	-67.533	-67.533	-67.533	-67.533	-67.533
4.01	-67.5175	-67.5175	-67.5175	-67.5175	-67.5175	-67.5175	-67.5175
4.02	-67.5019	-67.5019	-67.5019	-67.5019	-67.5019	-67.5019	-67.5019
4.03	-67.4864	-67.4864	-67.4864	-67.4864	-67.4864	-67.4864	-67.4864
4.04	-67.4708	-67.4708	-67.4708	-67.4708	-67.4708	-67.4708	-67.4708
4.05	-67.4552	-67.4552	-67.4552	-67.4552	-67.4552	-67.4552	-67.4552
4.06	-67.4396	-67.4396	-67.4396	-67.4396	-67.4396	-67.4396	-67.4396
4.07	-67.4239	-67.4239	-67.4239	-67.4239	-67.4239	-67.4239	-67.4239
4.08	-67.4082	-67.4082	-67.4082	-67.4082	-67.4082	-67.4082	-67.4082
4.09	-67.3925	-67.3925	-67.3925	-67.3925	-67.3925	-67.3925	-67.3925
4.1	-67.3768	-67.3768	-67.3768	-67.3768	-67.3768	-67.3768	-67.3768
4.11	-67.361	-67.361	-67.361	-67.361	-67.361	-67.361	-67.361
4.12	-67.3452	-67.3452	-67.3452	-67.3452	-67.3452	-67.3452	-67.3452
4.13	-67.3294	-67.3294	-67.3294	-67.3294	-67.3294	-67.3294	-67.3294
4.14	-67.3136	-67.3136	-67.3136	-67.3136	-67.3136	-67.3136	-67.3136
4.15	-67.2977	-67.2977	-67.2977	-67.2977	-67.2977	-67.2977	-67.2977
4.16	-67.2818	-67.2818	-67.2818	-67.2818	-67.2818	-67.2818	-67.2818
4.17	-67.2659	-67.2659	-67.2659	-67.2659	-67.2659	-67.2659	-67.2659
4.18	-67.25	-67.25	-67.25	-67.25	-67.25	-67.25	-67.25
4.19	-67.234	-67.234	-67.234	-67.234	-67.234	-67.234	-67.234
4.2	-67.218	-67.218	-67.218	-67.218	-67.218	-67.218	-67.218
4.21	-67.202	-67.202	-67.202	-67.202	-67.202	-67.202	-67.202
4.22	-67.186	-67.186	-67.186	-67.186	-67.186	-67.186	-67.186
4.23	-67.1699	-67.1699	-67.1699	-67.1699	-67.1699	-67.1699	-67.1699
4.24	-67.1539	-67.1539	-67.1539	-67.1539	-67.1539	-67.1539	-67.1539
4.25	-67.1378	-67.1378	-67.1378	-67.1378	-67.1378	-67.1378	-67.1378
4.26	-67.1216	-67.1216	-67.1216	-67.1216	-67.1216	-67.1216	-67.1216
4.27	-67.1055	-67.1055	-67.1055	-67.1055	-67.1055	-67.1055	-67.1055
4.28	-67.0893	-67.0893	-67.0893	-67.0893	-67.0893	-67.0893	-67.0893
4.29	-67.0731	-67.0731	-67.0731	-67.0731	-67.0731	-67.0731	-67.0731
4.3	-67.0569	-67.0569	-67.0569	-67.0569	-67.0569	-67.0569	-67.0569
4.31	-67.0406	-67.0406	-67.0406	-67.0406	-67.0406	-67.0406	-67.0406
4.32	-67.0244	-67.0244	-67.0244	-67.0244	-67.0244	-67.0244	-67.0244
4.33	-67.0081	-67.0081	-67.0081	-67.0081	-67.0081	-67.0081	-67.0081
4.34	-66.9917	-66.9917	-66.9917	-66.9917	-66.9917	-66.9917	-66.9917
4.35	-66.9754	-66.9754	-66.9754	-66.9754	-66.9754	-66.9754	-66.9754
4.36	-66.959	-66.959	-66.959	-66.959	-66.959	-66.959	-66.959
4.37	-66.9427	-66.9427	-66.9427	-66.9427	-66.9427	-66.9427	-66.9427
4.38	-66.9262	-66.9262	-66.9262	-66.9262	-66.9262	-66.9262	-66.9262
4.39	-66.9098	-66.9098	-66.9098	-66.9098	-66.9098	-66.9098	-66.9098
4.4	-66.8934	-66.8934	-66.8934	-66.8934	-66.8934	-66.8934	-66.8934
4.41	-66.8769	-66.8769	-66.8769	-66.8769	-66.8769	-66.8769	-66.8769
4.42	-66.8604	-66.8604	-66.8604	-66.8604	-66.8604	-66.8604	-66.8604
4.43	-66.8439	-66.8439	-66.8439	-66.8439	-66.8439	-66.8439	-66.8439
4.44	-66.8273	-66.8273	-66.8273	-66.8273	-66.8273	-66.8273	-66.8273
4.45	-66.8108	-66.8108	-66.8108	-66.8108	-66.8108	-66.8108	-66.8108
4.46	-66.7942	-66.7942	-66.7942	-66.7942	-66.7942	-66.7942	-66.7942
4.47	-66.7776	-66.7776	-66.7776	-66.7776	-66.7776	-66.7776	-66.7776
4.48	-66.7609	-66.7609	-66.7609	-66.7609	-66.7609	-66.7609	-66.7609
4.49	-66.7443	-66.7443	-66.7443	-66.7443	-66.7443	-66.7443	-66.7443
4.5	-66.7276	-66.7276	-66.7276	-66.7276	-66.7276	-66.7276	-66.7276
4.51	-66.7109	-66.7109	-66.7109	-66.7109	-66.7109	-66.7109	-66.7109
4.52	-66.6942	-66.6942	-66.6942	-66.6942	-66.6942	-66.6942	-66.6942
4.53	-66.6775	-66.6775	-66.6775	-66.6775	-66.6775	-66.6775	-66.6775
4.54	-66.6607	-66.6607	-66.6607	-66.6607	-66.6607	-66.6607	-66.6607
4.55	-66.6439	-66.6439	-66.6439	-66.6439	-66.6439	-66.6439	-66.6439
4.56	-66.6271	-66.6271	-66.6271	-66.6271	-66.6271	-66.6271	-66.6271
4.57	-66.6103	-66.6103	-66.6103	-66.6103	-66.6103	-66.6103	-66.6103
4.58	-66.5935	-66.5935	-66.5935	-66.5935	-66.5935	-66.5935	-66.5935
4.59	-66.5766	-66.5766	-66.5766	-66.5766	-66.5766	-66.5766	-66.5766
4.6	-66.5598	-66.5598	-66.5598	-66.5598	-66.5598	-66.5598	-66.5598
4.61	-66.5429	-66.5429	-66.5429	-66.5429	-66.5429	-66.5429	-66.5429
4.62	-66.5259	-66.5259	-66.5259	-66.5259	-66.5259	-66.5259	-66.5259
4.63	-66.509	-66.509	-66.509	-66.509	-66.509	-66.509	-66.509
4.64	-66.492	-66.492	-66.492	-66.492	-66.492	-66.492	-66.492
4.65	-66.4751	-66.4751	-66.4751	-66.4751	-66.4751	-66.4751	-66.4751
4.66	-66.4581	-66.4581	-66.4581	-66.4581	-66.4581	-66.4581	-66.4581
4.67	-66.441	-66.441	-66.441	-66.441	-66.441	-66.441	-66.441
4.68	-66.424	-66.424	-66.424	-66.424	-66.424	-66.424	-66.424
4.69	-66.4069	-66.4069	-66.4069	-66.4069	-66.4069	-66.4069	-66.4069
4.7	-66.3899	-66.3899	-66.3899	-66.3899	-66.3899	-66.3899	-66.3899
4.71	-66.3728	-66.3728	-66.3728	-66.3728	-66.3728	-66.3728	-66.3728
4.72	-66.3557	-66.3557	-66.3557	-66.3557	-66.3557	-66.3557	-66.3557
4.73	-66.3385	-66.3385	-66.3385	-66.3385	-66.3385	-66.3385	-66.3385
4.74	-66.3214	-66.3214	-66.3214	-66.3214	-66.3214	-66.3214	-66.3214
4.75	-66.3042	-66.3042	-66.3042	-66.3042	-66.3042	-66.3042	-66.3042
4.76	-66.287	-66.287	-66.287	-66.287	-66.287	-66.287	-66.287
4.77	-66.2698	-66.2698	-66.2698	-66.2698	-66.2698	-66.2698	-66.2698
4.78	-66.2526	-66.2526	-66.2526	-66.2526	-66.2526	-66.2526	-66.2526
4.79	-66.2354	-66.2354	-66.2354	-66.2354	-66.2354	-66.2354	-66.2354
4.8	-66.2181	-66.2181	-66.2181	-66.2181	-66.2181	-66.2181	-66.2181
4.81	-66.2008	-66.2008	-66.2008	-66.2008	-66.2008	-66.2008	-66.2008
4.82	-66.1835	-66.1835	-66.1835	-66.1835	-66.1835	-66.1835	-66.1835
4.83	-66.1662	-66.1662	-66.1662	-66.1662	-66.1662	-66.1662	-66.1662
4.84	-66.1489	-66.1489	-66.1489	-66.1489	-66.1489	-66.1489	-66.1489
4.85	-66.1315	-66.1315	-66.1315	-66.1315	-66.1315	-66.1315	-66.1315
4.86	-66.1142	-66.1142	-66.1142	-66.1142	-66.1142	-66.1142	-66.1142
4.87	-66.0968	-66.0968	-66.0968	-66.0968	-66.0968	-66.0968	-66.0968
4.88	-66.0794	-66.0794	-66.0794	-66.0794	-66.0794	-66.0794	-66.0794
4.89	-66.062	-66.062	-66.062	-66.062	-66.062	-66.062	-66.062
4.9	-66.0446	-66.0446	-66.0446	-66.0446	-66.0446	-66.0446	-66.0446
4.91	-66.0271	-66.0271	-66.0271	-66.0271	-66.0271	-66.0271	-66.0271
4.92	-66.0096	-66.0096	-66.0096	-66.0096	-66.0096	-66.0096	-66.0096
4.93	-65.9922	-65.9922	-65.9922	-65.9922	-65.9922	-65.9922	-65.9922
4.94	-65.9747	-65.9747	-65.9747	-65.9747	-65.9747	-65.9747	-65.9747
4.95	-65.9572	-65.9572	-65.9572	-65.9572	-65.9572	-65.9572	-65.9572
4.96	-65.9396	-65.9396	-65.9396	-65.9396	-65.9396	-65.9396	-65.9396
4.97	-65.9221	-65.9221	-65.9221	-65.9221	-65.9221	-65.9221	-65.9221
4.98	-65.9045	-65.9045	-65.9045	-65.9045	-65.9045	-65.9045	-65.9045
4.99	-65.887	-65.887	-65.887	-65.887	-65.887	-65.887	-65.887
5	-65.8694	-65.8694	-65.8694	-65.8694	-65.8694	-65.8694	-65.8694
5.01	-65.8518	-65.8518	-65.8518	-65.8518	-65.8518	-65.8518	-65.8518
5.02	-65.8341	-65.8341	-65.8341	-65.8341	-65.8341	-65.8341	-65.8341
5.03	-65.8165	-65.8165	-65.8165	-65.8165	-65.8165	-65.8165	-65.8165
5.04	-65.7989	-65.7989	-65.7989	-65.7989	-65.7989	-65.7989	-65.7989
5.05	-65.7812	-65.7812	-65.7812	-65.7812	-65.7812	-65.7812	-65.7812
5.06	-65.7635	-65.7635	-65.7635	-65.7635	-65.7635	-65.7635	-65.7635
5.07	-65.7458	-65.7458	-65.7458	-65.7458	-65.7458	-65.7458	-65.7458
5.08	-65.7281	-65.7281	-65.7281	-65.7281	-65.7281	-65.7281	-65.7281
5.09	-65.7104	-65.7104	-65.7104	-65.7104	-65.7104	-65.7104	-65.7104
5.1	-65.6926	-65.6926	-65.6926	-65.6926	-65.6926	-65.6926	-65.6926
5.11	-65.6749	-65.6749	-65.6749	-65.6749	-65.6749	-65.6749	-65.6749
5.12	-65.6571	-65.6571	-65.6571	-65.6571	-65.6571	-65.6571	-65.6571
5.13	-65.6394	-65.6394	-65.6394	-65.6394	-65.6394	-65.6394	-65.6394
5.14	-65.6216	-65.6216	-65.6216	-65.6216	-65.6216	-65.6216	-65.6216
5.15	-65.6038	-65.6038	-65.6038	-65.6038	-65.6038	-65.6038	-65.6038
5.16	-65.5859	-65.5859	-65.5859	-65.5859	-65.5859	-65.5859	-65.5859
5.17	-65.5681	-65.5681	-65.5681	-65.5681	-65.5681	-65.5681	-65.5681
5.18	-65.5503	-65.5503	-65.5503	-65.5503	-65.5503	-65.5503	-65.5503
5.19	-65.5324	-65.5324	-65.5324	-65.5324	-65.5324	-65.5324	-65.5324
5.2	-65.5145	-65.5145	-65.5145	-65.5145	-65.5145	-65.5145	-65.5145
5.21	-65.4967	-65.4967	-65.4967	-65.4967	-65.4967	-65.4967	-65.4967
5.22	-65.4788	-65.4788	-65.4788	-65.4788	-65.4788	-65.4788	-65.4788
5.23	-65.4608	-65.4608	-65.4608	-65.4608	-65.4608	-65.4608	-65.4608
5.24	-65.4429	-65.4429	-65.4429	-65.4429	-65.4429	-65.4429	-65.4429
5.25	-65.425	-65.425	-65.425	-65.425	-65.425	-65.425	-65.425
5.26	-65.4071	-65.4071	-65.4071	-65.4071	-65.4071	-65.4071	-65.4071
5.27	-65.3891	-65.3891	-65.3891	-65.3891	-65.3891	-65.3891	-65.3891
5.28	-65.3711	-65.3711	-65.3711	-65.3711	-65.3711	-65.3711	-65.3711
5.29	-65.3531	-65.3531	-65.3531	-65.3531	-65.3531	-65.3531	-65.3531
5.3	-65.3352	-65.3352	-65.3352	-65.3352	-65.3352	-65.3352	-65.3352
5.31	-65.3172	-65.3172	-65.3172	-65.3172	-65.3172	-65.3172	-65.3172
5.32	-65.2991	-65.2991	-65.2991	-65.2991	-65.2991	-65.2991	-65.2991
5.33	-65.2811	-65.2811	-65.2811	-65.2811	-65.2811	-65.2811	-65.2811
5.34	-65.2631	-65.2631	-65.2631	-65.2631	-65.2631	-65.2631	-65.2631
5.35	-65.245	-65.245	-65.245	-65.245	-65.245	-65.245	-65.245
5.36	-65.227	-65.227	-65.227	-65.227	-65.227	-65.227	-65.227
5.37	-65.2089	-65.2089	-65.2089	-65.2089	-65.2089	-65.2089	-65.2089
5.38	-65.1908	-65.1908	-65.1908	-65.1908	-65.1908	-65.1908	-65.1908
5.39	-65.1727	-65.1727	-65.1727	-65.1727	-65.1727	-65.1727	-65.1727
5.4	-65.1546	-65.1546	-65.1546	-65.1546	-65.1546	-65.1546	-65.1546
5.41	-65.1365	-65.1365	-65.1365	-65.1365	-65.1365	-65.1365	-65.1365
5.42	-65.1184	-65.1184	-65.1184	-65.1184	-65.1184	-65.1184	-65.1184
5.43	-65.1003	-65.1003	-65.1003	-65.1003	-65.1003	-65.1003	-65.1003
5.44	-65.0821	-65.0821	-65.0821	-65.0821	-65.0821	-65.0821	-65.0821
5.45	-65.064	-65.064	-65.064	-65.064	-65.064	-65.064	-65.064
5.46	-65.0458	-65.0458	-65.0458	-65.0458	-65.0458	-65.0458	-65.0458
5.47	-65.0277	-65.0277	-65.0277	-65.0277	-65.0277	-65.0277	-65.0277
5.48	-65.0095	-65.0095	-65.0095	-65.0095	-65.0095	-65.0095	-65.0095
5.49	-64.9913	-64.9913	-64.9913	-64.9913	-64.9913	-64.9913	-64.9913
5.5	-64.9731	-64.9731	-64.9731	-64.9731	-64.9731	-64.9731	-64.9731
5.51	-64.9549	-64.9549	-64.9549	-64.9549	-64.9549	-64.9549	-64.9549
5.52	-64.9367	-64.9367	-64.9367	-64.9367	-64.9367	-64.9367	-64.9367
5.53	-64.9185	-64.9185	-64.9185	-64.9185	-64.9185	-64.9185	-64.9185
5.54	-64.9003	-64.9003	-64.9003	-64.9003	-64.9003	-64.9003	-64.9003
5.55	-64.882	-64.882	-64.882	-64.882	-64.882	-64.882	-64.882
5.56	-64.8638	-64.8638	-64.8638	-64.8638	-64.8638	-64.8638	-64.8638
5.57	-64.8455	-64.8455	-64.8455	-64.8455	-64.8455	-64.8455	-64.8455
5.58	-64.8273	-64.8273	-64.8273	-64.8273	-64.8273	-64.8273	-64.8273
5.59	-64.809	-64.809	-64.809	-64.809	-64.809	-64.809	-64.809
5.6	-64.7907	-64.7907	-64.7907	-64.7907	-64.7907	-64.7907	-64.7907
5.61	-64.7725	-64.7725	-64.7725	-64.7725	-64.7725	-64.7725	-64.7725
5.62	-64.7542	-64.7542	-64.7542	-64.7542	-64.7542	-64.7542	-64.7542
5.63	-64.7359	-64.7359	-64.7359	-64.7359	-64.7359	-64.7359	-64.7359
5.64	-64.7176	-64.7176	-64.7176	-64.7176	-64.7176	-64.7176	-64.7176
5.65	-64.6993	-64.6993	-64.6993	-64.6993	-64.6993	-64.6993	-64.6993
5.66	-64.6809	-64.6809	-64.6809	-64.6809	-64.6809	-64.6809	-64.6809
5.67	-64.6626	-64.6626	-64.6626	-64.6626	-64.6626	-64.6626	-64.6626
5.68	-64.6443	-64.6443	-64.6443	-64.6443	-64.6443	-64.6443	-64.6443
5.69	-64.626	-64.626	-64.626	-64.626	-64.626	-64.626	-64.626
5.7	-64.6076	-64.6076	-64.6076	-64.6076	-64.6076	-64.6076	-64.6076
5.71	-64.5893	-64.5893	-64.5893	-64.5893	-64.5893	-64.5893	-64.5893
5.72	-64.5709	-64.5709	-64.5709	-64.5709	-64.5709	-64.5709	-64.5709
5.73	-64.5526	-64.5526	-64.5526	-64.5526	-64.5526	-64.5526	-64.5526
5.74	-64.5342	-64.5342	-64.5342	-64.5342	-64.5342	-64.5342	-64.5342
5.75	-64.5158	-64.5158	-64.5158	-64.5158	-64.5158	-64.5158	-64.5158
5.76	-64.4974	-64.4974	-64.4974	-64.4974	-64.4974	-64.4974	-64.4974
5.77	-64.4791	-64.4791	-64.4791	-64.4791	-64.4791	-64.4791	-64.4791
5.78	-64.4607	-64.4607	-64.4607	-64.4607	-64.4607	-64.4607	-64.4607
5.79	-64.4423	-64.4423	-64.4423	-64.4423	-64.4423	-64.4423	-64.4423
5.8	-64.4239	-64.4239	-64.4239	-64.4239	-64.4239	-64.4239	-64.4239
5.81	-64.4055	-64.4055	-64.4055	-64.4055	-64.4055	-64.4055	-64.4055
5.82	-64.3871	-64.3871	-64.3871	-64.3871	-64.3871	-64.3871	-64.3871
5.83	-64.3687	-64.3687	-64.3687	-64.3687	-64.3687	-64.3687	-64.3687
5.84	-64.3502	-64.3502	-64.3502	-64.3502	-64.3502	-64.3502	-64.3502
5.85	-64.3318	-64.3318	-64.3318	-64.3318	-64.3318	-64.3318	-64.3318
5.86	-64.3134	-64.3134	-64.3134	-64.3134	-64.3134	-64.3134	-64.3134
5.87	-64.295	-64.295	-64.295	-64.295	-64.295	-64.295	-64.295
5.88	-64.2765	-64.2765	-64.2765	-64.2765	-64.2765	-64.2765	-64.2765
5.89	-64.2581	-64.2581	-64.2581	-64.2581	-64.2581	-64.2581	-64.2581
5.9	-64.2397	-64.2397	-64.2397	-64.2397	-64.2397	-64.2397	-64.2397
5.91	-64.2212	-64.2212	-64.2212	-64.2212	-64.2212	-64.2212	-64.2212
5.92	-64.2028	-64.2028	-64.2028	-64.2028	-64.2028	-64.2028	-64.2028
5.93	-64.1843	-64.1843	-64.1843	-64.1843	-64.1843	-64.1843	-64.1843
5.94	-64.1659	-64.1659	-64.1659	-64.1659	-64.1659	-64.1659	-64.1659
5.95	-64.1474	-64.1474	-64.1474	-64.1474	-64.1474	-64.1474	-64.1474
5.96	-64.129	-64.129	-64.129	-64.129	-64.129	-64.129	-64.129
5.97	-64.1105	-64.1105	-64.1105	-64.1105	-64.1105	-64.1105	-64.1105
5.98	-64.092	-64.092	-64.092	-64.092	-64.092	-64.092	-64.092
5.99	-64.0736	-64.0736	-64.0736	-64.0736	-64.0736	-64.0736	-64.0736
6	-64.0551	-64.0551	-64.0551	-64.0551	-64.0551	-64.0551	-64.0551
6.01	-64.0366	-64.0366	-64.0366	-64.0366	-64.0366	-64.0366	-64.0366
6.02	-64.0181	-64.0181	-64.0181	-64.0181	-64.0181	-64.0181	-64.0181
6.03	-63.9997	-63.9997	-63.9997	-63.9997	-63.9997	-63.9997	-63.9997
6.04	-63.9812	-63.9812	-63.9812	-63.9812	-63.9812	-63.9812	-63.9812
6.05	-63.9627	-63.9627	-63.9627	-63.9627	-63.9627	-63.9627	-63.9627
6.06	-63.9442	-63.9442	-63.9442	-63.9442	-63.9442	-63.9442	-63.9442
6.07	-63.9258	-63.9258	-63.9258	-63.9258	-63.9258	-63.9258	-63.9258
6.08	-63.9073	-63.9073	-63.9073	-63.9073	-63.9073	-63.9073	-63.9073
6.09	-63.8888	-63.8888	-63.8888	-63.8888	-63.8888	-63.8888	-63.8888
6.1	-63.8703	-63.8703	-63.8703	-63.8703	-63.8703	-63.8703	-63.8703
6.11	-63.8518	-63.8518	-63.8518	-63.8518	-63.8518	-63.8518	-63.8518
6.12	-63.8333	-63.8333	-63.8333	-63.8333	-63.8333	-63.8333	-63.8333
6.13	-63.8148	-63.8148	-63.8148	-63.8148	-63.8148	-63.8148	-63.8148
6.14	-63.7963	-63.7963	-63.7963	-63.7963	-63.7963	-63.7963	-63.7963
6.15	-63.7779	-63.7779	-63.7779	-63.7779	-63.7779	-63.7779	-63.7779
6.16	-63.7594	-63.7594	-63.7594	-63.7594	-63.7594	-63.7594	-63.7594
6.17	-63.7409	-63.7409	-63.7409	-63.7409	-63.7409	-63.7409	-63.7409
6.18	-63.7224	-63.7224	-63.7224	-63.7224	-63.7224	-63.7224	-63.7224
6.19	-63.7039	-63.7039	-63.7039	-63.7039	-63.7039	-63.7039	-63.7039
6.2	-63.6854	-63.6854	-63.6854	-63.6854	-63.6854	-63.6854	-63.6854
6.21	-63.6669	-63.6669	-63.6669	-63.6669	-63.6669	-63.6669	-63.6669
6.22	-63.6484	-63.6484	-63.6484	-63.6484	-63.6484	-63.6484	-63.6484
6.23	-63.6299	-63.6299	-63.6299	-63.6299	-63.6299	-63.6299	-63.6299
6.24	-63.6114	-63.6114	-63.6114	-63.6114	-63.6114	-63.6114	-63.6114
6.25	-63.593	-63.593	-63.593	-63.593	-63.593	-63.593	-63.593
6.26	-63.5745	-63.5745	-63.5745	-63.5745	-63.5745	-63.5745	-63.5745
6.27	-63.556	-63.556	-63.556	-63.556	-63.556	-63.556	-63.556
6.28	-63.5375	-63.5375	-63.5375	-63.5375	-63.5375	-63.5375	-63.5375
6.29	-63.519	-63.519	-63.519	-63.519	-63.519	-63.519	-63.519
6.3	-63.5005	-63.5005	-63.5005	-63.5005	-63.5005	-63.5005	-63.5005
6.31	-63.482	-63.482	-63.482	-63.482	-63.482	-63.482	-63.482
6.32	-63.4636	-63.4636	-63.4636	-63.4636	-63.4636	-63.4636	-63.4636
6.33	-63.4451	-63.4451	-63.4451	-63.4451	-63.4451	-63.4451	-63.4451
6.34	-63.4266	-63.4266	-63.4266	-63.4266	-63.4266	-63.4266	-63.4266
6.35	-63.4081	-63.4081	-63.4081	-63.4081	-63.4081	-63.4081	-63.4081
6.36	-63.3897	-63.3897	-63.3897	-63.3897	-63.3897	-63.3897	-63.3897
6.37	-63.3712	-63.3712	-63.3712	-63.3712	-63.3712	-63.3712	-63.3712
6.38	-63.3527	-63.3527	-63.3527	-63.3527	-63.3527	-63.3527	-63.3527
6.39	-63.3342	-63.3342	-63.3342	-63.3342	-63.3342	-63.3342	-63.3342
6.4	-63.3158	-63.3158	-63.3158	-63.3158	-63.3158	-63.3158	-63.3158
6.41	-63.2973	-63.2973	-63.2973	-63.2973	-63.2973	-63.2973	-63.2973
6.42	-63.2789	-63.2789	-63.2789	-63.2789	-63.2789	-63.2789	-63.2789
6.43	-63.2604	-63.2604	-63.2604	-63.2604	-63.2604	-63.2604	-63.2604
6.44	-63.2419	-63.2419	-63.2419	-63.2419	-63.2419	-63.2419	-63.2419
6.45	-63.2235	-63.2235	-63.2235	-63.2235	-63.2235	-63.2235	-63.2235
6.46	-63.205	-63.205	-63.205	-63.205	-63.205	-63.205	-63.205
6.47	-63.1866	-63.1866	-63.1866	-63.1866	-63.1866	-63.1866	-63.1866
6.48	-63.1682	-63.1682	-63.1682	-63.1682	-63.1682	-63.1682	-63.1682
6.49	-63.1497	-63.1497	-63.1497	-63.1497	-63.1497	-63.1497	-63.1497
6.5	-63.1313	-63.1313	-63.1313	-63.1313	-63.1313	-63.1313	-63.1313
6.51	-63.1128	-63.1128	-63.1128	-63.1128	-63.1128	-63.1128	-63.1128
6.52	-63.0944	-63.0944	-63.0944	-63.0944	-63.0944	-63.0944	-63.0944
6.53	-63.076	-63.076	-63.076	-63.076	-63.076	-63.076	-63.076
6.54	-63.0576	-63.0576	-63.0576	-63.0576	-63.0576	-63.0576	-63.0576
6.55	-63.0392	-63.0392	-63.0392	-63.0392	-63.0392	-63.0392	-63.0392
6.56	-63.0207	-63.0207	-63.0207	-63.0207	-63.0207	-63.0207	-63.0207
6.57	-63.0023	-63.0023	-63.0023	-63.0023	-63.0023	-63.0023	-63.0023
6.58	-62.9839	-62.9839	-62.9839	-62.9839	-62.9839	-62.9839	-62.9839
6.59	-62.9655	-62.9655	-62.9655	-62.9655	-62.9655	-62.9655	-62.9655
6.6	-62.9471	-62.9471	-62.9471	-62.9471	-62.9471	-62.9471	-62.9471
6.61	-62.9287	-62.9287	-62.9287	-62.9287	-62.9287	-62.9287	-62.9287
6.62	-62.9104	-62.9104	-62.9104	-62.9104	-62.9104	-62.9104	-62.9104
6.63	-62.892	-62.892	-62.892	-62.892	-62.892	-62.892	-62.892
6.64	-62.8736	-62.8736	-62.8736	-62.8736	-62.8736	-62.8736	-62.8736
6.65	-62.8552	-62.8552	-62.8552	-62.8552	-62.8552	-62.8552	-62.8552
6.66	-62.8369	-62.8369	-62.8369	-62.8369	-62.8369	-62.8369	-62.8369
6.67	-62.8185	-62.8185	-62.8185	-62.8185	-62.8185	-62.8185	-62.8185
6.68	-62.8001	-62.8001	-62.8001	-62.8001	-62.8001	-62.8001	-62.8001
6.69	-62.7818	-62.7818	-62.7818	-62.7818	-62.7818	-62.7818	-62.7818
6.7	-62.7635	-62.7635	-62.7635	-62.7635	-62.7635	-62.7635	-62.7635
6.71	-62.7451	-62.7451	-62.7451	-62.7451	-62.7451	-62.7451	-62.7451
6.72	-62.7268	-62.7268	-62.7268	-62.7268	-62.7268	-62.7268	-62.7268
6.73	-62.7085	-62.7085	-62.7085	-62.7085	-62.7085	-62.7085	-62.7085
6.74	-62.6901	-62.6901	-62.6901	-62.6901	-62.6901	-62.6901	-62.6901
6.75	-62.6718	-62.6718	-62.6718	-62.6718	-62.6718	-62.6718	-62.6718
6.76	-62.6535	-62.6535	-62.6535	-62.6535	-62.6535	-62.6535	-62.6535
6.77	-62.6352	-62.6352	-62.6352	-62.6352	-62.6352	-62.6352	-62.6352
6.78	-62.6169	-62.6169	-62.6169	-62.6169	-62.6169	-62.6169	-62.6169
6.79	-62.5986	-62.5986	-62.5986	-62.5986	-62.5986	-62.5986	-62.5986
6.8	-62.5803	-62.5803	-62.5803	-62.5803	-62.5803	-62.5803	-62.5803
6.81	-62.5621	-62.5621	-62.5621	-62.5621	-62.5621	-62.5621	-62.5621
6.82	-62.5438	-62.5438	-62.5438	-62.5438	-62.5438	-62.5438	-62.5438
6.83	-62.5255	-62.5255	-62.5255	-62.5255	-62.5255	-62.5255	-62.5255
6.84	-62.5073	-62.5073	-62.5073	-62.5073	-62.5073	-62.5073	-62.5073
6.85	-62.489	-62.489	-62.489	-62.489	-62.489	-62.489	-62.489
6.86	-62.4708	-62.4708	-62.4708	-62.4708	-62.4708	-62.4708	-62.4708
6.87	-62.4525	-62.4525	-62.4525	-62.4525	-62.4525	-62.4525	-62.4525
6.88	-62.4343	-62.4343	-62.4343	-62.4343	-62.4343	-62.4343	-62.4343
6.89	-62.4161	-62.4161	-62.4161	-62.4161	-62.4161	-62.4161	-62.4161
6.9	-62.3979	-62.3979	-62.3979	-62.3979	-62.3979	-62.3979	-62.3979
6.91	-62.3797	-62.3797	-62.3797	-62.3797	-62.3797	-62.3797	-62.3797
6.92	-62.3615	-62.3615	-62.3615	-62.3615	-62.3615	-62.3615	-62.3615
6.93	-62.3433	-62.3433	-62.3433	-62.3433	-62.3433	-62.3433	-62.3433
6.94	-62.3251	-62.3251	-62.3251	-62.3251	-62.3251	-62.3251	-62.3251
6.95	-62.3069	-62.3069	-62.3069	-62.3069	-62.3069	-62.3069	-62.3069
6.96	-62.2888	-62.2888	-62.2888	-62.2888	-62.2888	-62.2888	-62.2888
6.97	-62.2706	-62.2706	-62.2706	-62.2706	-62.2706	-62.2706	-62.2706
6.98	-62.2525	-62.2525	-62.2525	-62.2525	-62.2525	-62.2525	-62.2525
6.99	-62.2343	-62.2343	-62.2343	-62.2343	-62.2343	-62.2343	-62.2343
7	-62.2162	-62.2162	-62.2162	-62.2162	-62.2162	-62.2162	-62.2162
7.01	-62.1981	-62.1981	-62.1981	-62.1981	-62.1981	-62.1981	-62.1981
7.02	-62.1799	-62.1799	-62.1799	-62.1799	-62.1799	-62.1799	-62.1799
7.03	-62.1618	-62.1618	-62.1618	-62.1618	-62.1618	-62.1618	-62.1618
7.04	-62.1437	-62.1437	-62.1437	-62.1437	-62.1437	-62.1437	-62.1437
7.05	-62.1256	-62.1256	-62.1256	-62.1256	-62.1256	-62.1256	-62.1256
7.06	-62.1076	-62.1076	-62.1076	-62.1076	-62.1076	-62.1076	-62.1076
7.07	-62.0895	-62.0895	-62.0895	-62.0895	-62.0895	-62.0895	-62.0895
7.08	-62.0714	-62.0714	-62.0714	-62.0714	-62.0714	-62.0714	-62.0714
7.09	-62.0534	-62.0534	-62.0534	-62.0534	-62.0534	-62.0534	-62.0534
7.1	-62.0353	-62.0353	-62.0353	-62.0353	-62.0353	-62.0353	-62.0353
7.11	-62.0173	-62.0173	-62.0173	-62.0173	-62.0173	-62.0173	-62.0173
7.12	-61.9992	-61.9992	-61.9992	-61.9992	-61.9992	-61.9992	-61.9992
7.13	-61.9812	-61.9812	-61.9812	-61.9812	-61.9812	-61.9812	-61.9812
7.14	-61.9632	-61.9632	-61.9632	-61.9632	-61.9632	-61.9632	-61.9632
7.15	-61.9452	-61.9452	-61.9452	-61.9452	-61.9452	-61.9452	-61.9452
7.16	-61.9272	-61.9272	-61.9272	-61.9272	-61.9272	-61.9272	-61.9272
7.17	-61.9092	-61.9092	-61.9092	-61.9092	-61.9092	-61.9092	-61.9092
7.18	-61.8913	-61.8913	-61.8913	-61.8913	-61.8913	-61.8913	-61.8913
7.19	-61.8733	-61.8733	-61.8733	-61.8733	-61.8733	-61.8733	-61.8733
7.2	-61.8554	-61.8554	-61.8554	-61.8554	-61.8554	-61.8554	-61.8554
7.21	-61.8374	-61.8374	-61.8374	-61.8374	-61.8374	-61.8374	-61.8374
7.22	-61.8195	-61.8195	-61.8195	-61.8195	-61.8195	-61.8195	-61.8195
7.23	-61.8016	-61.8016	-61.8016	-61.8016	-61.8016	-61.8016	-61.8016
7.24	-61.7837	-61.7837	-61.7837	-61.7837	-61.7837	-61.7837	-61.7837
7.25	-61.7658	-61.7658	-61.7658	-61.7658	-61.7658	-61.7658	-61.7658
7.26	-61.7479	-61.7479	-61.7479	-61.7479	-61.7479	-61.7479	-61.7479
7.27	-61.73	-61.73	-61.73	-61.73	-61.73	-61.73	-61.73
7.28	-61.7121	-61.7121	-61.7121	-61.7121	-61.7121	-61.7121	-61.7121
7.29	-61.6943	-61.6943	-61.6943	-61.6943	-61.6943	-61.6943	-61.6943
7.3	-61.6764	-61.6764	-61.6764	-61.6764	-61.6764	-61.6764	-61.6764
7.31	-61.6586	-61.6586	-61.6586	-61.6586	-61.6586	-61.6586	-61.6586
7.32	-61.6407	-61.6407	-61.6407	-61.6407	-61.6407	-61.6407	-61.6407
7.33	-61.6229	-61.6229	-61.6229	-61.6229	-61.6229	-61.6229	-61.6229
7.34	-61.6051	-61.6051	-61.6051	-61.6051	-61.6051	-61.6051	-61.6051
7.35	-61.5873	-61.5873	-61.5873	-61.5873	-61.5873	-61.5873	-61.5873
7.36	-61.5695	-61.5695	-61.5695	-61.5695	-61.5695	-61.5695	-61.5695
7.37	-61.5518	-61.5518	-61.5518	-61.5518	-61.5518	-61.5518	-61.5518
7.38	-61.534	-61.534	-61.534	-61.534	-61.534	-61.534	-61.534
7.39	-61.5162	-61.5162	-61.5162	-61.5162	-61.5162	-61.5162	-61.5162
7.4	-61.4985	-61.4985	-61.4985	-61.4985	-61.4985	-61.4985	-61.4985
7.41	-61.4808	-61.4808	-61.4808	-61.4808	-61.4808	-61.4808	-61.4808
7.42	-61.4631	-61.4631	-61.4631	-61.4631	-61.4631	-61.4631	-61.4631
7.43	-61.4454	-61.4454	-61.4454	-61.4454	-61.4454	-61.4454	-61.4454
7.44	-61.4277	-61.4277	-61.4277	-61.4277	-61.4277	-61.4277	-61.4277
7.45	-61.41	-61.41	-61.41	-61.41	-61.41	-61.41	-61.41
7.46	-61.3923	-61.3923	-61.3923	-61.3923	-61.3923	-61.3923	-61.3923
7.47	-61.3747	-61.3747	-61.3747	-61.3747	-61.3747	-61.3747	-61.3747
7.48	-61.357	-61.357	-61.357	-61.357	-61.357	-61.357	-61.357
7.49	-61.3394	-61.3394	-61.3394	-61.3394	-61.3394	-61.3394	-61.3394
7.5	-61.3217	-61.3217	-61.3217	-61.3217	-61.3217	-61.3217	-61.3217
7.51	-61.3041	-61.3041	-61.3041	-61.3041	-61.3041	-61.3041	-61.3041
7.52	-61.2865	-61.2865	-61.2865	-61.2865	-61.2865	-61.2865	-61.2865
7.53	-61.2689	-61.2689	-61.2689	-61.2689	-61.2689	-61.2689	-61.2689
7.54	-61.2514	-61.2514	-61.2514	-61.2514	-61.2514	-61.2514	-61.2514
7.55	-61.2338	-61.2338	-61.2338	-61.2338	-61.2338	-61.2338	-61.2338
7.56	-61.2163	-61.2163	-61.2163	-61.2163	-61.2163	-61.2163	-61.2163
7.57	-61.1987	-61.1987	-61.1987	-61.1987	-61.1987	-61.1987	-61.1987
7.58	-61.1812	-61.1812	-61.1812	-61.1812	-61.1812	-61.1812	-61.1812
7.59	-61.1637	-61.1637	-61.1637	-61.1637	-61.1637	-61.1637	-61.1637
7.6	-61.1462	-61.1462	-61.1462	-61.1462	-61.1462	-61.1462	-61.1462
7.61	-61.1287	-61.1287	-61.1287	-61.1287	-61.1287	-61.1287	-61.1287
7.62	-61.1112	-61.1112	-61.1112	-61.1112	-61.1112	-61.1112	-61.1112
7.63	-61.0937	-61.0937	-61.0937	-61.0937	-61.0937	-61.0937	-61.0937
7.64	-61.0763	-61.0763	-61.0763	-61.0763	-61.0763	-61.0763	-61.0763
7.65	-61.0588	-61.0588	-61.0588	-61.0588	-61.0588	-61.0588	-61.0588
7.66	-61.0414	-61.0414	-61.0414	-61.0414	-61.0414	-61.0414	-61.0414
7.67	-61.024	-61.024	-61.024	-61.024	-61.024	-61.024	-61.024
7.68	-61.0066	-61.0066	-61.0066	-61.0066	-61.0066	-61.0066	-61.0066
7.69	-60.9892	-60.9892	-60.9892	-60.9892	-60.9892	-60.9892	-60.9892
7.7	-60.9718	-60.9718	-60.9718	-60.9718	-60.9718	-60.9718	-60.9718
7.71	-60.9545	-60.9545	-60.9545	-60.9545	-60.9545	-60.9545	-60.9545
7.72	-60.9371	-60.9371	-60.9371	-60.9371	-60.9371	-60.9371	-60.9371
7.73	-60.9198	-60.9198	-60.9198	-60.9198	-60.9198	-60.9198	-60.9198
7.74	-60.9025	-60.9025	-60.9025	-60.9025	-60.9025	-60.9025	-60.9025
7.75	-60.8851	-60.8851	-60.8851	-60.8851	-60.8851	-60.8851	-60.8851
7.76	-60.8679	-60.8679	-60.8679	-60.8679	-60.8679	-60.8679	-60.8679
7.77	-60.8506	-60.8506	-60.8506	-60.8506	-60.8506	-60.8506	-60.8506
7.78	-60.8333	-60.8333	-60.8333	-60.8333	-60.8333	-60.8333	-60.8333
7.79	-60.816	-60.816	-60.816	-60.816	-60.816	-60.816	-60.816
7.8	-60.7988	-60.7988	-60.7988	-60.7988	-60.7988	-60.7988	-60.7988
7.81	-60.7816	-60.7816	-60.7816	-60.7816	-60.7816	-60.7816	-60.7816
7.82	-60.7643	-60.7643	-60.7643	-60.7643	-60.7643	-60.7643	-60.7643
7.83	-60.7471	-60.7471	-60.7471	-60.7471	-60.7471	-60.7471	-60.7471
7.84	-60.7299	-60.7299	-60.7299	-60.7299	-60.7299	-60.7299	-60.7299
7.85	-60.7128	-60.7128	-60.7128	-60.7128	-60.7128	-60.7128	-60.7128
7.86	-60.6956	-60.6956	-60.6956	-60.6956	-60.6956	-60.6956	-60.6956
7.87	-60.6784	-60.6784	-60.6784	-60.6784	-60.6784	-60.6784	-60.6784
7.88	-60.6613	-60.6613	-60.6613	-60.6613	-60.6613	-60.6613	-60.6613
7.89	-60.6442	-60.6442	-60.6442	-60.6442	-60.6442	-60.6442	-60.6442
7.9	-60.6271	-60.6271	-60.6271	-60.6271	-60.6271	-60.6271	-60.6271
7.91	-60.61	-60.61	-60.61	-60.61	-60.61	-60.61	-60.61
7.92	-60.5929	-60.5929	-60.5929	-60.5929	-60.5929	-60.5929	-60.5929
7.93	-60.5758	-60.5758	-60.5758	-60.5758	-60.5758	-60.5758	-60.5758
7.94	-60.5588	-60.5588	-60.5588	-60.5588	-60.5588	-60.5588	-60.5588
7.95	-60.5417	-60.5417	-60.5417	-60.5417	-60.5417	-60.5417	-60.5417
7.96	-60.5247	-60.5247	-60.5247	-60.5247	-60.5247	-60.5247	-60.5247
7.97	-60.5077	-60.5077	-60.5077	-60.5077	-60.5077	-60.5077	-60.5077
7.98	-60.4907	-60.4907	-60.4907	-60.4907	-60.4907	-60.4907	-60.4907
7.99	-60.4737	-60.4737	-60.4737	-60.4737	-60.4737	-60.4737	-60.4737
8	-60.4567	-60.4567	-60.4567	-60.4567	-60.4567	-60.4567	-60.4567
8.01	-60.4398	-60.4398	-60.4398	-60.4398	-60.4398	-60.4398	-60.4398
8.02	-60.4228	-60.4228	-60.4228	-60.4228	-60.4228	-60.4228	-60.4228
8.03	-60.4059	-60.4059	-60.4059	-60.4059	-60.4059	-60.4059	-60.4059
8.04	-60.389	-60.389	-60.389	-60.389	-60.389	-60.389	-60.389
8.05	-60.3721	-60.3721	-60.3721	-60.3721	-60.3721	-60.3721	-60.3721
8.06	-60.3552	-60.3552	-60.3552	-60.3552	-60.3552	-60.3552	-60.3552
8.07	-60.3383	-60.3383	-60.3383	-60.3383	-60.3383	-60.3383	-60.3383
8.08	-60.3215	-60.3215	-60.3215	-60.3215	-60.3215	-60.3215	-60.3215
8.09	-60.3046	-60.3046	-60.3046	-60.3046	-60.3046	-60.3046	-60.3046
8.1	-60.2878	-60.2878	-60.2878	-60.2878	-60.2878	-60.2878	-60.2878
8.11	-60.271	-60.271	-60.271	-60.271	-60.271	-60.271	-60.271
8.12	-60.2542	-60.2542	-60.2542	-60.2542	-60.2542	-60.2542	-60.2542
8.13	-60.2374	-60.2374	-60.2374	-60.2374	-60.2374	-60.2374	-60.2374
8.14	-60.2206	-60.2206	-60.2206	-60.2206	-60.2206	-60.2206	-60.2206
8.15	-60.2039	-60.2039	-60.2039	-60.2039	-60.2039	-60.2039	-60.2039
8.16	-60.1871	-60.1871	-60.1871	-60.1871	-60.1871	-60.1871	-60.1871
8.17	-60.1704	-60.1704	-60.1704	-60.1704	-60.1704	-60.1704	-60.1704
8.18	-60.1537	-60.1537	-60.1537	-60.1537	-60.1537	-60.1537	-60.1537
8.19	-60.137	-60.137	-60.137	-60.137	-60.137	-60.137	-60.137
8.2	-60.1203	-60.1203	-60.1203	-60.1203	-60.1203	-60.1203	-60.1203
8.21	-60.1036	-60.1036	-60.1036	-60.1036	-60.1036	-60.1036	-60.1036
8.22	-60.087	-60.087	-60.087	-60.087	-60.087	-60.087	-60.087
8.23	-60.0703	-60.0703	-60.0703	-60.0703	-60.0703	-60.0703	-60.0703
8.24	-60.0537	-60.0537	-60.0537	-60.0537	-60.0537	-60.0537	-60.0537
8.25	-60.0371	-60.0371	-60.0371	-60.0371	-60.0371	-60.0371	-60.0371
8.26	-60.0205	-60.0205	-60.0205	-60.0205	-60.0205	-60.0205	-60.0205
8.27	-60.0039	-60.0039	-60.0039	-60.0039	-60.0039	-60.0039	-60.0039
8.28	-59.9873	-59.9873	-59.9873	-59.9873	-59.9873	-59.9873	-59.9873
8.29	-59.9708	-59.9708	-59.9708	-59.9708	-59.9708	-59.9708	-59.9708
8.3	-59.9542	-59.9542	-59.9542	-59.9542	-59.9542	-59.9542	-59.9542
8.31	-59.9377	-59.9377	-59.9377	-59.9377	-59.9377	-59.9377	-59.9377
8.32	-59.9212	-59.9212	-59.9212	-59.9212	-59.9212	-59.9212	-59.9212
8.33	-59.9047	-59.9047	-59.9047	-59.9047	-59.9047	-59.9047	-59.9047
8.34	-59.8882	-59.8882	-59.8882	-59.8882	-59.8882	-59.8882	-59.8882
8.35	-59.8718	-59.8718	-59.8718	-59.8718	-59.8718	-59.8718	-59.8718
8.36	-59.8553	-59.8553	-59.8553	-59.8553	-59.8553	-59.8553	-59.8553
8.37	-59.8389	-59.8389	-59.8389	-59.8389	-59.8389	-59.8389	-59.8389
8.38	-59.8225	-59.8225	-59.8225	-59.8225	-59.8225	-59.8225	-59.8225
8.39	-59.806	-59.806	-59.806	-59.806	-59.806	-59.806	-59.806
8.4	-59.7897	-59.7897	-59.7897	-59.7897	-59.7897	-59.7897	-59.7897
8.41	-59.7733	-59.7733	-59.7733	-59.7733	-59.7733	-59.7733	-59.7733
8.42	-59.7569	-59.7569	-59.7569	-59.7569	-59.7569	-59.7569	-59.7569
8.43	-59.7406	-59.7406	-59.7406	-59.7406	-59.7406	-59.7406	-59.7406
8.44	-59.7242	-59.7242	-59.7242	-59.7242	-59.7242	-59.7242	-59.7242
8.45	-59.7079	-59.7079	-59.7079	-59.7079	-59.7079	-59.7079	-59.7079
8.46	-59.6916	-59.6916	-59.6916	-59.6916	-59.6916	-59.6916	-59.6916
8.47	-59.6753	-59.6753	-59.6753	-59.6753	-59.6753	-59.6753	-59.6753
8.48	-59.6591	-59.6591	-59.6591	-59.6591	-59.6591	-59.6591	-59.6591
8.49	-59.6428	-59.6428	-59.6428	-59.6428	-59.6428	-59.6428	-59.6428
8.5	-59.6266	-59.6266	-59.6266	-59.6266	-59.6266	-59.6266	-59.6266
8.51	-59.6103	-59.6103	-59.6103	-59.6103	-59.6103	-59.6103	-59.6103
8.52	-59.5941	-59.5941	-59.5941	-59.5941	-59.5941	-59.5941	-59.5941
8.53	-59.5779	-59.5779	-59.5779	-59.5779	-59.5779	-59.5779	-59.5779
8.54	-59.5617	-59.5617	-59.5617	-59.5617	-59.5617	-59.5617	-59.5617
8.55	-59.5456	-59.5456	-59.5456	-59.5456	-59.5456	-59.5456	-59.5456
8.56	-59.5294	-59.5294	-59.5294	-59.5294	-59.5294	-59.5294	-59.5294
8.57	-59.5133	-59.5133	-59.5133	-59.5133	-59.5133	-59.5133	-59.5133
8.58	-59.4972	-59.4972	-59.4972	-59.4972	-59.4972	-59.4972	-59.4972
8.59	-59.481	-59.481	-59.481	-59.481	-59.481	-59.481	-59.481
8.6	-59.4649	-59.4649	-59.4649	-59.4649	-59.4649	-59.4649	-59.4649
8.61	-59.4489	-59.4489	-59.4489	-59.4489	-59.4489	-59.4489	-59.4489
8.62	-59.4328	-59.4328	-59.4328	-59.4328	-59.4328	-59.4328	-59.4328
8.63	-59.4168	-59.4168	-59.4168	-59.4168	-59.4168	-59.4168	-59.4168
8.64	-59.4007	-59.4007	-59.4007	-59.4007	-59.4007	-59.4007	-59.4007
8.65	-59.3847	-59.3847	-59.3847	-59.3847	-59.3847	-59.3847	-59.3847
8.66	-59.3687	-59.3687	-59.3687	-59.3687	-59.3687	-59.3687	-59.3687
8.67	-59.3527	-59.3527	-59.3527	-59.3527	-59.3527	-59.3527	-59.3527
8.68	-59.3367	-59.3367	-59.3367	-59.3367	-59.3367	-59.3367	-59.3367
8.69	-59.3208	-59.3208	-59.3208	-59.3208	-59.3208	-59.3208	-59.3208
8.7	-59.3048	-59.3048	-59.3048	-59.3048	-59.3048	-59.3048	-59.3048
8.71	-59.2889	-59.2889	-59.2889	-59.2889	-59.2889	-59.2889	-59.2889
8.72	-59.273	-59.273	-59.273	-59.273	-59.273	-59.273	-59.273
8.73	-59.2571	-59.2571	-59.2571	-59.2571	-59.2571	-59.2571	-59.2571
8.74	-59.2412	-59.2412	-59.2412	-59.2412	-59.2412	-59.2412	-59.2412
8.75	-59.2253	-59.2253	-59.2253	-59.2253	-59.2253	-59.2253	-59.2253
8.76	-59.2095	-59.2095	-59.2095	-59.2095	-59.2095	-59.2095	-59.2095
8.77	-59.1937	-59.1937	-59.1937	-59.1937	-59.1937	-59.1937	-59.1937
8.78	-59.1778	-59.1778	-59.1778	-59.1778	-59.1778	-59.1778	-59.1778
8.79	-59.162	-59.162	-59.162	-59.162	-59.162	-59.162	-59.162
8.8	-59.1462	-59.1462	-59.1462	-59.1462	-59.1462	-59.1462	-59.1462
8.81	-59.1305	-59.1305	-59.1305	-59.1305	-59.1305	-59.1305	-59.1305
8.82	-59.1147	-59.1147	-59.1147	-59.1147	-59.1147	-59.1147	-59.1147
8.83	-59.0989	-59.0989	-59.0989	-59.0989	-59.0989	-59.0989	-59.0989
8.84	-59.0832	-59.0832	-59.0832	-59.0832	-59.0832	-59.0832	-59.0832
8.85	-59.0675	-59.0675	-59.0675	-59.0675	-59.0675	-59.0675	-59.0675
8.86	-59.0518	-59.0518	-59.0518	-59.0518	-59.0518	-59.0518	-59.0518
8.87	-59.0361	-59.0361	-59.0361	-59.0361	-59.0361	-59.0361	-59.0361
8.88	-59.0204	-59.0204	-59.0204	-59.0204	-59.0204	-59.0204	-59.0204
8.89	-59.0048	-59.0048	-59.0048	-59.0048	-59.0048	-59.0048	-59.0048
8.9	-58.9891	-58.9891	-58.9891	-58.9891	-58.9891	-58.9891	-58.9891
8.91	-58.9735	-58.9735	-58.9735	-58.9735	-58.9735	-58.9735	-58.9735
8.92	-58.9579	-58.9579	-58.9579	-58.9579	-58.9579	-58.9579	-58.9579
8.93	-58.9423	-58.9423	-58.9423	-58.9423	-58.9423	-58.9423	-58.9423
8.94	-58.9267	-58.9267	-58.9267	-58.9267	-58.9267	-58.9267	-58.9267
8.95	-58.9111	-58.9111	-58.9111	-58.9111	-58.9111	-58.9111	-58.9111
8.96	-58.8956	-58.8956	-58.8956	-58.8956	-58.8956	-58.8956	-58.8956
8.97	-58.88	-58.88	-58.88	-58.88	-58.88	-58.88	-58.88
8.98	-58.8645	-58.8645	-58.8645	-58.8645	-58.8645	-58.8645	-58.8645
8.99	-58.849	-58.849	-58.849	-58.849	-58.849	-58.849	-58.849
9	-58.8335	-58.8335	-58.8335	-58.8335	-58.8335	-58.8335	-58.8335
9.01	-58.818	-58.818	-58.818	-58.818	-58.818	-58.818	-58.818
9.02	-58.8025	-58.8025	-58.8025	-58.8025	-58.8025	-58.8025	-58.8025
9.03	-58.7871	-58.7871	-58.7871	-58.7871	-58.7871	-58.7871	-58.7871
9.04	-58.7717	-58.7717	-58.7717	-58.7717	-58.7717	-58.7717	-58.7717
9.05	-58.7562	-58.7562	-58.7562	-58.7562	-58.7562	-58.7562	-58.7562
9.06	-58.7408	-58.7408	-58.7408	-58.7408	-58.7408	-58.7408	-58.7408
9.07	-58.7254	-58.7254	-58.7254	-58.7254	-58.7254	-58.7254	-58.7254
9.08	-58.7101	-58.7101	-58.7101	-58.7101	-58.7101	-58.7101	-58.7101
9.09	-58.6947	-58.6947	-58.6947	-58.6947	-58.6947	-58.6947	-58.6947
9.1	-58.6793	-58.6793	-58.6793	-58.6793	-58.6793	-58.6793	-58.6793
9.11	-58.664	-58.664	-58.664	-58.664	-58.664	-58.664	-58.664
9.12	-58.6487	-58.6487	-58.6487	-58.6487	-58.6487	-58.6487	-58.6487
9.13	-58.6334	-58.6334	-58.6334	-58.6334	-58.6334	-58.6334	-58.6334
9.14	-58.6181	-58.6181	-58.6181	-58.6181	-58.6181	-58.6181	-58.6181
9.15	-58.6028	-58.6028	-58.6028	-58.6028	-58.6028	-58.6028	-58.6028
9.16	-58.5876	-58.5876	-58.5876	-58.5876	-58.5876	-58.5876	-58.5876
9.17	-58.5723	-58.5723	-58.5723	-58.5723	-58.5723	-58.5723	-58.5723
9.18	-58.5571	-58.5571	-58.5571	-58.5571	-58.5571	-58.5571	-58.5571
9.19	-58.5419	-58.5419	-58.5419	-58.5419	-58.5419	-58.5419	-58.5419
9.2	-58.5267	-58.5267	-58.5267	-58.5267	-58.5267	-58.5267	-58.5267
9.21	-58.5115	-58.5115	-58.5115	-58.5115	-58.5115	-58.5115	-58.5115
9.22	-58.4963	-58.4963	-58.4963	-58.4963	-58.4963	-58.4963	-58.4963
9.23	-58.4811	-58.4811	-58.4811	-58.4811	-58.4811	-58.4811	-58.4811
9.24	-58.466	-58.466	-58.466	-58.466	-58.466	-58.466	-58.466
9.25	-58.4509	-58.4509	-58.4509	-58.4509	-58.4509	-58.4509	-58.4509
9.26	-58.4357	-58.4357	-58.4357	-58.4357	-58.4357	-58.4357	-58.4357
9.27	-58.4206	-58.4206	-58.4206	-58.4206	-58.4206	-58.4206	-58.4206
9.28	-58.4056	-58.4056	-58.4056	-58.4056	-58.4056	-58.4056	-58.4056
9.29	-58.3905	-58.3905	-58.3905	-58.3905	-58.3905	-58.3905	-58.3905
9.3	-58.3754	-58.3754	-58.3754	-58.3754	-58.3754	-58.3754	-58.3754
9.31	-58.3604	-58.3604	-58.3604	-58.3604	-58.3604	-58.3604	-58.3604
9.32	-58.3453	-58.3453	-58.3453	-58.3453	-58.3453	-58.3453	-58.3453
9.33	-58.3303	-58.3303	-58.3303	-58.3303	-58.3303	-58.3303	-58.3303
9.34	-58.3153	-58.3153	-58.3153	-58.3153	-58.3153	-58.3153	-58.3153
9.35	-58.3003	-58.3003	-58.3003	-58.3003	-58.3003	-58.3003	-58.3003
9.36	-58.2854	-58.2854	-58.2854	-58.2854	-58.2854	-58.2854	-58.2854
9.37	-58.2704	-58.2704	-58.2704	-58.2704	-58.2704	-58.2704	-58.2704
9.38	-58.2555	-58.2555	-58.2555	-58.2555	-58.2555	-58.2555	-58.2555
9.39	-58.2405	-58.2405	-58.2405	-58.2405	-58.2405	-58.2405	-58.2405
9.4	-58.2256	-58.2256	-58.2256	-58.2256	-58.2256	-58.2256	-58.2256
9.41	-58.2107	-58.2107	-58.2107	-58.2107	-58.2107	-58.2107	-58.2107
9.42	-58.1958	-58.1958	-58.1958	-58.1958	-58.1958	-58.1958	-58.1958
9.43	-58.181	-58.181	-58.181	-58.181	-58.181	-58.181	-58.181
9.44	-58.1661	-58.1661	-58.1661	-58.1661	-58.1661	-58.1661	-58.1661
9.45	-58.1512	-58.1512	-58.1512	-58.1512	-58.1512	-58.1512	-58.1512
9.46	-58.1364	-58.1364	-58.1364	-58.1364	-58.1364	-58.1364	-58.1364
9.47	-58.1216	-58.1216	-58.1216	-58.1216	-58.1216	-58.1216	-58.1216
9.48	-58.1068	-58.1068	-58.1068	-58.1068	-58.1068	-58.1068	-58.1068
9.49	-58.092	-58.092	-58.092	-58.092	-58.092	-58.092	-58.092
9.5	-58.0772	-58.0772	-58.0772	-58.0772	-58.0772	-58.0772	-58.0772
9.51	-58.0625	-58.0625	-58.0625	-58.0625	-58.0625	-58.0625	-58.0625
9.52	-58.0477	-58.0477	-58.0477	-58.0477	-58.0477	-58.0477	-58.0477
9.53	-58.033	-58.033	-58.033	-58.033	-58.033	-58.033	-58.033
9.54	-58.0183	-58.0183	-58.0183	-58.0183	-58.0183	-58.0183	-58.0183
9.55	-58.0035	-58.0035	-58.0035	-58.0035	-58.0035	-58.0035	-58.0035
9.56	-57.9888	-57.9888	-57.9888	-57.9888	-57.9888	-57.9888	-57.9888
9.57	-57.9742	-57.9742	-57.9742	-57.9742	-57.9742	-57.9742	-57.9742
9.58	-57.9595	-57.9595	-57.9595	-57.9595	-57.9595	-57.9595	-57.9595
9.59	-57.9448	-57.9448	-57.9448	-57.9448	-57.9448	-57.9448	-57.9448
9.6	-57.9302	-57.9302	-57.9302	-57.9302	-57.9302	-57.9302	-57.9302
9.61	-57.9156	-57.9156	-57.9156	-57.9156	-57.9156	-57.9156	-57.9156
9.62	-57.901	-57.901	-57.901	-57.901	-57.901	-57.901	-57.901
9.63	-57.8864	-57.8864	-57.8864	-57.8864	-57.8864	-57.8864	-57.8864
9.64	-57.8718	-57.8718	-57.8718	-57.8718	-57.8718	-57.8718	-57.8718
9.65	-57.8572	-57.8572	-57.8572	-57.8572	-57.8572	-57.8572	-57.8572
9.66	-57.8426	-57.8426	-57.8426	-57.8426	-57.8426	-57.8426	-57.8426
9.67	-57.8281	-57.8281	-57.8281	-57.8281	-57.8281	-57.8281	-57.8281
9.68	-57.8136	-57.8136	-57.8136	-57.8136	-57.8136	-57.8136	-57.8136
9.69	-57.7991	-57.7991	-57.7991	-57.7991	-57.7991	-57.7991	-57.7991
9.7	-57.7845	-57.7845	-57.7845	-57.7845	-57.7845	-57.7845	-57.7845
9.71	-57.7701	-57.7701	-57.7701	-57.7701	-57.7701	-57.7701	-57.7701
9.72	-57.7556	-57.7556	-57.7556	-57.7556	-57.7556	-57.7556	-57.7556
9.73	-57.7411	-57.7411	-57.7411	-57.7411	-57.7411	-57.7411	-57.7411
9.74	-57.7267	-57.7267	-57.7267	-57.7267	-57.7267	-57.7267	-57.7267
9.75	-57.7122	-57.7122	-57.7122	-57.7122	-57.7122	-57.7122	-57.7122
9.76	-57.6978	-57.6978	-57.6978	-57.6978	-57.6978	-57.6978	-57.6978
9.77	-57.6834	-57.6834	-57.6834	-57.6834	-57.6834	-57.6834	-57.6834
9.78	-57.669	-57.669	-57.669	-57.669	-57.669	-57.669	-57.669
9.79	-57.6546	-57.6546	-57.6546	-57.6546	-57.6546	-57.6546	-57.6546
9.8	-57.6402	-57.6402	-57.6402	-57.6402	-57.6402	-57.6402	-57.6402
9.81	-57.6259	-57.6259	-57.6259	-57.6259	-57.6259	-57.6259	-57.6259
9.82	-57.6115	-57.6115	-57.6115	-57.6115	-57.6115	-57.6115	-57.6115
9.83	-57.5972	-57.5972	-57.5972	-57.5972	-57.5972	-57.5972	-57.5972
9.84	-57.5828	-57.5828	-57.5828	-57.5828	-57.5828	-57.5828	-57.5828
9.85	-57.5685	-57.5685	-57.5685	-57.5685	-57.5685	-57.5685	-57.5685
9.86	-57.5542	-57.5542	-57.5542	-57.5542	-57.5542	-57.5542	-57.5542
9.87	-57.54	-57.54	-57.54	-57.54	-57.54	-57.54	-57.54
9.88	-57.5257	-57.5257	-57.5257	-57.5257	-57.5257	-57.5257	-57.5257
9.89	-57.5114	-57.5114	-57.5114	-57.5114	-57.5114	-57.5114	-57.5114
9.9	-57.4972	-57.4972	-57.4972	-57.4972	-57.4972	-57.4972	-57.4972
9.91	-57.4829	-57.4829	-57.4829	-57.4829	-57.4829	-57.4829	-57.4829
9.92	-57.4687	-57.4687	-57.4687	-57.4687	-57.4687	-57.4687	-57.4687
9.93	-57.4545	-57.4545	-57.4545	-57.4545	-57.4545	-57.4545	-57.4545
9.94	-57.4403	-57.4403	-57.4403	-57.4403	-57.4403	-57.4403	-57.4403
9.95	-57.4261	-57.4261	-57.4261	-57.4261	-57.4261	-57.4261	-57.4261
9.96	-57.412	-57.412	-57.412	-57.412	-57.412	-57.412	-57.412
9.97	-57.3978	-57.3978	-57.3978	-57.3978	-57.3978	-57.3978	-57.3978
9.98	-57.3837	-57.3837	-57.3837	-57.3837	-57.3837	-57.3837	-57.3837
9.99	-57.3695	-57.3695	-57.3695	-57.3695	-57.3695	-57.3695	-57.3695
10	-57.3554	-57.3554	-57.3554	-57.3554	-57.3554	-57.3554	-57.3554
